-1.164591765965266257e+00
-2.217984476291767759e+00
-1.539123751226563197e+00
-4.490118379154158235e-01
-1.705664388852812241e+00
6.163799992954662743e-01
-5.832874144529561766e-01
-1.245283628895733213e-02
-8.776177323144870313e-01
4.136620595406444445e-01
-1.100247230765206474e+00
1.719878576403559289e-01
-2.290033019969124339e+00
7.678940311132135266e-01
-6.665701690128772450e-01
-1.940151086681336956e+00
-9.058693654398506379e-01
-7.587226763117623785e-01
-1.034873563159781407e+00
-2.469314746058816290e+00
-1.533115865883996287e+00
-2.570930113556842232e-03
-7.194763307845116751e-01
-5.450657750799036139e-01
-1.112335973648427512e+00
-2.096094771307542626e+00
-7.041327301467487088e-01
-1.480633768296552688e+00
-1.559628962353300174e+00
1.230698212088625176e+00
9.420438856230393954e-02
-1.270875744849590872e+00
5.117893645234313782e-01
-2.414699089510399799e-01
9.734159048469351871e-01
3.929960019556737877e-03
-7.219770848879356606e-01
-5.274770169879698933e-01
-9.998517078710374983e-01
-1.123891316385929873e+00
-1.137995510962634960e+00
4.601351228310474051e-01
-3.628598914334766889e-01
5.878793319296129471e-01
-1.892681144107607905e+00
-4.556721144262878553e-01
-1.586708313046612195e+00
-6.060137983596317612e-01
-3.198650230592646082e+00
-1.694136416124570221e+00
-2.756200711495013222e-01
7.259939744829955188e-01
-3.261030018962117194e-01
-1.231211769746914708e+00
-7.663936662194936744e-01
-1.840265099424766904e+00
-2.017215943815730661e+00
7.779777816117842137e-01
6.203961857316417916e-01
-1.550885088938614986e+00
-3.547790770892101375e-01
-1.054517075115203983e+00
8.283060372525653525e-01
-1.099113738446687139e+00
-5.949938090504632848e-01
6.241513559187567006e-01
1.581084298124433851e-01
3.644405560515320830e-01
-1.283138600892142822e+00
4.400507818935730509e-01
-3.710907723135258296e-01
4.327469103892393476e-01
1.394554990897696467e-01
-2.054917535765833081e-01
4.045482663534396561e-01
1.361190321078405985e+00
-7.425928069386750208e-01
4.659179168990139619e-01
1.352225261331130302e+00
2.542889086093835793e-01
-9.711575586737495325e-01
-1.326018078069795214e+00
-7.860519183787364472e-01
-2.011118941683384342e+00
-2.297341585087405991e-01
-5.578928125480803191e-01
-1.066811761068396480e+00
-1.767535903936006680e-01
-3.425079564063693294e-01
-1.674462534296616845e+00
-1.211560836378833272e+00
3.856801714355785893e-01
-4.536756257695268024e-01
2.996637859128614689e-01
-8.218434062413708385e-02
-3.917196734573171746e-01
-1.773041445769932167e+00
-1.785424987131761565e+00
2.292965342291545250e-01
-1.116008679554027383e+00
-9.864296577207101180e-01
6.882330898465375268e-01
7.439387439442288752e-01
-1.095513249344442608e+00
1.592141238854132557e-01
-2.039673799015476963e+00
-1.558993731889583234e+00
-1.059271092315159812e+00
-1.439026791216600376e+00
-1.222535416152014179e-03
2.931072156665640027e-01
-8.494733685628157449e-01
-7.408884131741916290e-01
-1.485297841262260832e+00
-1.892642709758335151e+00
-1.568166669227256005e+00
5.170058587541259687e-01
-1.441356278703056271e+00
-8.961702590528620727e-01
-1.004065806376607112e-01
-5.060060449275064626e-02
2.249466840749410890e-01
4.212506413467163036e-01
-7.962729894989829527e-01
-2.524781071362602880e-01
-8.334220821370468268e-01
-7.811651213277448491e-01
9.492093629982752967e-01
-4.746411708144163688e-01
-4.363224424245288335e-01
-4.057700935427578925e-01
4.841044271822161904e-01
-1.859900124791699916e-01
-8.517199882357762153e-02
3.143547928900428889e+00
-8.090195845760679294e-01
-2.464244535544880321e+00
-8.070763622527755698e-01
-7.001555529309515524e-01
6.560623914067807982e-01
-3.442855278637699246e-01
-1.420405792966690450e+00
-1.551775517317146025e-01
-9.854753032089461628e-01
-2.323362749464643051e-01
-1.633188766707237560e+00
-1.183366438415292654e+00
-1.159892749471730156e+00
-7.390663123662500888e-01
-8.767585582574335401e-01
-8.366291356476258656e-01
1.804213574275054466e+00
6.624159641904063811e-01
-9.667356975103091887e-01
1.243230018450812990e-01
-6.329375066039791831e-01
-1.165770793501777591e+00
-7.220576571653217757e-01
-5.529104394181141302e-01
-4.324313175587781721e-01
-1.617274685130511536e+00
4.170196007909937053e-01
2.993250514028522602e-01
-3.777324862798851490e-01
-2.193462109301342000e+00
3.217614300492766533e-01
6.478948197618880078e-01
5.223504900532777162e-01
-4.474657118663697732e-03
-3.499969650573988567e-01
6.027136575306745181e-01
-1.166147211842773812e+00
-2.377112400540677850e+00
-1.659122656068405588e+00
-2.431982564255524490e-02
-4.094935165912396702e-01
-1.628079143265117879e-01
-4.663267133966386702e-01
-2.329793694681602467e+00
-1.855460162158285353e+00
7.591654895498008981e-01
-7.543234272031776877e-01
-9.663107819939366072e-01
-9.255144690037904187e-01
-2.207286216434651838e+00
-2.461199687927563828e-01
-6.939880009463923471e-01
1.414440320331001644e+00
8.734972125738944548e-01
1.199919898463718937e+00
-7.474985945188415692e-02
-7.983299513032459105e-01
8.515743789484959969e-02
1.450548081601672479e-01
8.717342845828708608e-02
-1.508388564605187554e+00
-1.043510047113145545e+00
-9.917365697719116024e-01
-7.161937775486600932e-01
-1.644162833316043848e+00
-9.930617097120263137e-02
6.316896993012711681e-01
-7.241266767403796711e-01
-1.541408075887034546e+00
-3.045910004435887775e+00
-1.987735770900157961e+00
-3.445290135378134555e-02
-7.383811909680630947e-01
-1.579529132497370814e+00
3.046002703779239207e-01
-3.234160285348830488e-01
4.057376626907949757e-01
2.517167086626520001e-01
-4.819672198028879251e-01
3.465844833397658808e-01
-2.602239675821840681e+00
-1.160268436824279714e+00
-1.132780372725600837e-01
-8.332586012046014901e-01
-1.988602127842717282e+00
-1.546690036471595864e+00
1.232626769629310948e+00
4.238705487951954232e-01
-6.111731335351018313e-01
-2.357618970531074165e+00
-3.891675964578084623e-01
-9.032044921499312595e-01
-5.099577955148205666e-01
-2.205310692288615926e-01
-8.239075166273640560e-01
-1.640822182430568266e-01
-9.708140834503181660e-01
-1.940069651321981933e-02
6.362651827777672520e-02
-7.973321966961224305e-01
-1.699531022297308791e+00
-7.470952027410731056e-01
4.290649029349358212e-01
-9.364386910391534480e-01
-2.946615248391005970e+00
-4.979575116447821359e-01
5.938568508625757802e-01
-4.851921051862715384e-01
6.495381352436835343e-01
-1.838333265368382152e+00
1.404756636129808056e+00
-1.117686942356554747e+00
3.245284186569429019e-02
-2.896820942840386826e-01
-6.472669094367980991e-01
-2.374152350439529879e+00
-1.409384636966150017e+00
-1.335502416397394088e+00
-8.850279713016524497e-01
1.016891042876981593e-01
1.102705643323705492e-01
-1.315534266599575286e+00
-1.003420002862484450e+00
-2.771462369647055834e-01
-4.519009545734460342e-01
-1.488141087160237852e+00
-4.529990222722117821e-01
-1.240315778160876237e+00
1.125044329966487622e+00
2.087401236060173471e-01
-5.482065072371159475e-01
-2.955599826729964907e-01
-9.047198918062729911e-01
-2.144296978524720954e-01
1.381746750207015102e-02
-1.241246072502986131e+00
1.344639188610844638e+00
1.900430817551514995e-01
3.601130687420706078e-01
-2.353231645667166749e-01
-5.188220043320934671e-01
-6.676157469113958021e-01
-2.955397675684782177e-01
-1.439126285389029647e+00
-7.263200389354417252e-01
-1.993163855601218559e+00
-7.141404991133294688e-02
4.996615505631749055e-01
-5.741082171688054459e-01
4.390592888418439199e-01
-8.250669659634172204e-01
1.141688385435868813e+00
-1.821618616355634157e-01
-2.241277134261739246e+00
3.747237563193359100e-01
-4.800669009648947938e-01
2.428176355408721232e+00
1.446661977615082140e-01
-1.110730302251551338e+00
2.807907356616471395e-01
1.258296809497957414e-01
-1.527692519114058796e-02
-7.636786901110255155e-01
-6.776580057531726986e-01
2.199799541876582831e-01
3.982889948367170696e+00
1.294286207683248868e+00
1.812858250563125662e+00
3.455172141263269658e+00
4.044361282834938898e+00
2.769650934156515198e+00
2.141063920912396501e+00
3.434259416020847500e+00
2.792210343512814497e+00
3.891331398505816441e+00
3.388701460098525686e+00
4.197754356107157747e+00
3.800429189351068882e+00
3.536245411947664952e+00
4.836500338659246445e+00
4.100919574783268295e+00
5.917775970205710223e+00
3.462099412115897668e+00
4.788853481761441877e+00
3.435317589701250451e+00
4.847193657100656417e+00
3.456545486654004407e+00
3.051490288002224105e+00
3.901965733461714603e+00
3.361426034489225056e+00
2.160776580647085332e+00
3.798523540254618691e+00
2.781828612812988766e+00
3.726689566463293968e+00
2.913039253415395713e+00
3.810781029121283581e+00
4.779042747627613608e+00
3.596842245686807882e+00
3.306429106881450419e+00
3.334320025094455797e+00
3.890066383035355901e+00
5.240945516233005641e+00
3.587192053016394322e+00
3.267529110145351634e+00
3.539058248326797163e+00
3.927928541085168757e+00
3.696316606603147203e+00
3.944809983879029591e+00
2.877432661732799879e+00
5.932229066179361965e+00
4.055320592865527374e+00
4.312001607269842829e+00
3.906636684944350790e+00
3.573644462355824114e+00
4.898981418945355770e+00
5.209098943105550106e+00
4.541466857039734073e+00
3.114644226110055314e+00
5.642757838995831499e+00
4.949470800096183787e+00
4.790422296600056917e+00
4.655982782776730389e+00
3.294601482148225013e+00
5.543093023378541595e+00
3.495198892638173405e+00
4.128861723129943151e+00
3.670884133988380427e+00
3.568719394267293676e+00
5.502289554012767425e+00
4.674884211492178920e+00
4.333847845944521993e+00
5.684499855053605444e+00
2.902862307149078891e+00
4.226240701933893895e+00
5.595563115569580859e+00
3.090307711948070857e+00
3.213762987106803415e+00
4.097645799096315322e+00
4.596691893036946475e+00
2.368657359880222746e+00
6.409100751877070401e+00
5.836093100795335609e+00
4.677332732058754772e+00
5.099263350995386190e+00
3.459026889089980017e+00
4.680403166651954550e+00
5.221164607249253464e+00
5.686210429752646789e+00
3.974883182452686903e+00
5.903092287865391974e+00
4.042581589368295703e+00
5.175599632980628861e+00
3.041744328257717012e+00
4.867507951428899027e+00
3.561670156451528513e+00
4.192718704959591314e+00
3.873423690862558999e+00
5.687141232031606819e+00
5.165487851782445183e+00
4.413381520518194989e+00
4.073624799189230927e+00
5.497353966104713940e+00
3.449882482748797496e+00
2.380585286820940283e+00
4.665072704920842028e+00
5.546626056804182525e+00
4.617594778674743772e+00
4.484088463792371471e+00
3.703911468181311673e+00
3.479154812588904910e+00
3.538977748910250742e+00
3.213961893643932921e+00
1.791206705816476896e+00
1.935778058598626394e+00
2.612721396293042009e+00
3.828270674853855748e+00
3.663053224234504857e+00
4.214287693713743899e+00
3.144494300321877933e+00
2.403481982030915454e+00
2.481221831837817859e+00
2.011570684222181438e+00
5.379413932903349682e+00
3.553396427792016254e+00
3.044631734872855322e+00
3.531125239980219099e+00
3.617048213033295934e+00
2.244358718785537832e+00
3.616216947918452718e+00
5.064277940020807556e+00
1.763560016335713243e+00
3.772343655732048440e+00
1.869052952627711095e+00
4.228087016284920452e+00
2.750626824241559021e+00
4.411059115552904863e+00
2.148160936933168674e+00
2.935202045309011520e+00
1.620545840531145698e+00
2.554843290640654185e+00
2.789903662037112930e+00
2.422588233364432408e+00
2.941742035716592873e+00
1.503850018187016691e+00
2.098749321288418290e+00
2.671791068778564870e+00
1.426225620385823678e+00
1.917816734176714277e+00
4.965662310727314011e-01
3.989630872569784881e+00
2.024851697586962818e+00
3.361822958072163692e-01
3.110795835508615159e+00
1.921331013836279356e+00
2.118655614522620301e+00
2.361214136877624714e+00
1.299043827672653473e+00
2.035916810530080667e+00
1.648006768546863787e+00
8.407729134563168838e-01
1.705403216040857206e+00
2.672674604404256193e+00
2.697660360051244766e+00
9.173568788036126076e-01
1.622834097441813839e+00
3.790538970871825675e-01
1.208370286872872290e+00
2.831348171560605476e+00
1.436922316954082568e+00
7.957259419065690897e-01
2.494556196517043745e+00
1.367220689369674336e+00
2.480351169906716446e+00
2.333369616413405012e+00
6.095689444587319983e-01
-1.777839554385459986e-01
2.064886944477727138e+00
9.553885992646745651e-01
2.242816023277956372e+00
2.710713151531475074e+00
2.060676714440640822e+00
-2.797188497601487689e-01
3.047790885868559840e+00
1.401566156447574318e+00
2.107036847593740436e+00
2.527660258642288937e+00
1.896045859513600718e+00
4.535118006647093636e-01
1.507546620572675300e+00
1.586096141347167032e+00
6.411501193091782014e-01
4.247298739946080426e-01
1.920975017265199813e+00
1.119800470221096411e+00
-5.203581812899360504e-01
7.937678579158713443e-01
1.766786435488383322e+00
2.943355647526419427e-01
-4.733953385012170112e-01
1.439293964124669367e+00
7.724525730362737930e-01
2.459273467465072915e+00
1.017450777602985301e+00
-9.388276553497858501e-01
1.000139115883516894e+00
2.455102890133612770e-01
6.906470406427558384e-01
2.649935594777721448e-01
-5.214173236876281647e-01
1.108566097805759654e+00
3.136918899042403286e+00
8.928109846052797449e-01
7.272925641520668893e-01
9.503137568969682869e-01
1.267035877566585311e+00
1.553241018067934354e+00
7.633013305360660805e-01
1.123614646516040594e+00
9.561646987235246087e-01
1.647258421839670195e+00
-1.326243221067232858e-01
1.522276536161725868e+00
7.456964538639797579e-01
-4.328513167196137990e-01
-3.185118972227095058e-01
8.245712991762709221e-01
1.420400615984781512e-01
-6.140261977168143259e-01
-8.436294487633075878e-01
8.482084471475890286e-01
-6.884544163362397162e-01
1.022185206831817794e+00
-1.315832147859873125e+00
9.275375532515998112e-01
-1.320031586092878850e+00
2.385175605091784501e+00
3.609549467182533999e-01
3.279659548746932662e-01
-3.643590560926362465e-01
1.080606832578825394e+00
-1.467322564162334864e+00
-1.191323260442075149e+00
6.897988448511920279e-01
1.118093567858826770e-01
-3.591404609777414936e-01
3.151572952841185105e-01
-9.190683502574518993e-02
-4.097776788750364108e-01
-4.609259623616131923e-02
-9.663750856064149408e-01
1.105403232796958957e+00
-2.195913479324212714e-01
7.104899518556562210e-01
-1.373964607994196951e+00
1.712430444499257298e+00
6.419289061684120279e-01
-7.890381474594175826e-01
3.695059507205862848e-01
-2.090640972307497847e-01
6.093479382438452552e-01
-1.017478930664145881e-01
-1.596604913952701876e+00
-5.918875095267667197e-02
9.781941829796981791e-01
7.423634930550018218e-01
1.304329900340043036e+00
1.318121581305233381e+00
-3.469930494269123367e-01
-3.665032265800173272e-01
-4.506680275798815027e-01
1.997824944989847085e+00
-7.502639773867831874e-01
5.209574052175525161e-01
2.970808272294049868e+00
1.320839856468728757e-01
1.634693367800450270e+00
1.338758742968517157e-01
1.365010059429914602e+00
2.680421766214059254e+00
1.832058879111653660e+00
2.527078858614903556e+00
1.669861435819207429e+00
1.399852895747837112e+00
3.178411689356607228e-01
8.591552830261697249e-01
5.165450493411117838e-01
-7.953232864911613520e-01
2.854539590725409859e+00
-7.823126587009492372e-01
9.596446043177805363e-01
9.050186465489338250e-01
2.132119376404456368e+00
4.596956800929519749e-01
2.339786513367390519e+00
2.485326932186294968e+00
3.679658519272265060e+00
5.052550128574220256e-01
2.335403163341639221e+00
1.541288099320253568e+00
2.125184662476516273e+00
3.607972353017828926e+00
5.318700791316848253e+00
3.494745498219177904e+00
3.459157568858427290e+00
3.764328171397849587e+00
3.650978963244069675e+00
4.055388532403886082e+00
5.207343346815348717e+00
5.037694168139455364e+00
6.023742225254939520e+00
4.731031368736666742e+00
7.723823544470970859e+00
5.367167434794916758e+00
6.371637913231433359e+00
6.644369897504131650e+00
4.994085216080930145e+00
5.632652183326572803e+00
5.127209980903873365e+00
5.500217792664199301e+00
4.287467353615803667e+00
2.439640280330353850e+00
4.744212544463781711e+00
4.757830236457262885e+00
5.879466217323977340e+00
4.205574421893501835e+00
6.072220251137530056e+00
5.830767781146205309e+00
5.311946555044631424e+00
4.433762471899172830e+00
4.768542675697214683e+00
3.065833485558392635e+00
5.010040817168325056e+00
3.329619190744377732e+00
2.269869918864678038e+00
2.823457015430667294e+00
3.693206264373015468e+00
5.046896333007794944e+00
3.422757931486490435e+00
5.299390890972726531e+00
4.124805555499252208e+00
4.033164064515811553e+00
1.870896917754981237e+00
4.195094026482071747e+00
2.037203436038770743e+00
1.546439214863801759e+00
1.122475303066657437e+00
1.780385191014601576e+00
8.664687825627251927e-01
7.554536532833752149e-01
2.058087966908754840e+00
2.502655270010442301e+00
2.852004966605896641e+00
3.190007051454178288e+00
8.899857552675720374e-02
2.638518114895860744e+00
2.946140675538349907e+00
1.138821315263826017e+00
-4.572081109137968169e-01
1.490803754161660111e+00
1.694030831941109261e+00
1.917584626722238061e+00
2.000310315038246856e+00
1.353108086006362232e+00
2.564931896473658490e+00
2.453239605432848247e+00
3.224582412993245661e+00
1.444119743704744385e+00
1.304199719690389392e+00
6.528432739146874386e-01
7.791552728238273495e-01
1.344186731023460979e+00
5.855071948427673645e-01
2.580882922023995718e+00
1.089182179128908246e+00
1.442229283651611071e+00
9.498997623010499991e-01
-5.545573189575951911e-01
7.515232450436378775e-01
2.605058976324597583e-02
9.746542802482137668e-01
1.563228054555022783e+00
7.491917115703973229e-01
6.436708195402182087e-01
1.643608343577892539e+00
6.399321213189491930e-02
-7.059961553306549620e-01
1.963497627271343582e+00
7.212568116723969691e-01
3.202841369358697232e+00
-3.725049250923075789e-02
2.352980780904591729e+00
9.131122906178624765e-01
1.205541090324446341e+00
6.484436347189600491e-01
1.218887915949290912e+00
-3.643659077578943056e-02
8.129423088105861561e-01
8.793155835359467432e-01
1.354769147261776219e+00
-5.581620009780473984e-03
-2.184187875165225279e+00
1.299216621916854386e-01
-4.208348484115559396e-01
1.305233715174060727e+00
-1.913353610892445655e-01
-1.714321822708501919e-01
-4.906862037615646321e-01
-3.861680518741241741e-01
1.092831208660811848e+00
8.165308857312604252e-01
2.728918631559641428e-01
1.744185148792666507e+00
1.577212848564597092e+00
-2.607108589165375578e-01
-1.362992242642798058e+00
3.053705835182762285e-01
7.939445242555478455e-01
-7.494940697175362931e-01
-1.246588004631028923e+00
-7.881547951014423736e-01
1.285608276173780262e-01
1.487338231014820877e-01
6.701680310924713613e-01
7.682891117458215957e-01
-1.477717543097854858e+00
-8.912173579598072770e-01
5.147772366989782356e-01
-4.115625367383088928e-01
-1.748414442706506478e+00
9.967861313383437061e-01
1.256252276072421736e+00
6.212373535877970809e-01
-2.659491129184256564e-01
1.062265281537024153e+00
-1.266500058504856030e+00
5.458158112630061287e-02
-3.098613682354544041e-01
-1.829922499350312426e-01
-1.760245340475952852e-02
-1.191603454324778211e+00
1.231562798833855998e+00
1.101080345177283704e+00
1.344263769074098391e+00
1.005509605883507129e+00
1.432162605365331354e+00
-5.179538173356885711e-01
9.846420081542891500e-01
2.616326317501805221e+00
2.829934285044926057e-01
2.226236003660748697e-01
-1.198939533155517267e+00
7.512311215577963663e-01
-8.634435583880744058e-01
5.309687343467380805e-01
-8.658106199780115642e-01
-2.821695168878801674e-01
1.946722586958891388e-01
-9.555579602017608698e-01
-7.779151352399023001e-01
1.198216774154903935e-01
3.527527530930388289e-02
1.523607048903573291e-01
-3.003545605343011654e-02
1.813153429208594902e+00
-8.746497145886912572e-03
-1.730384657184570685e+00
2.508072947710837663e-01
1.499368075991557081e+00
-1.825934958307992462e+00
7.658925836251460062e-01
-1.026955433500123804e-01
-1.390839605178652016e+00
-9.264832446579979175e-01
-1.045514633998694709e+00
-1.745238065137752370e+00
-7.184013834068713189e-01
-9.544045461436833078e-01
8.536620577110354269e-02
-2.049498041416347505e+00
-8.875646750652081973e-01
-8.347314931031134533e-01
4.042049520618485325e-01
-6.166755487713134753e-01
-6.582640534398313814e-02
1.538294973968491464e+00
-3.683703014161592293e-01
-7.694773264245194921e-01
-2.035338559074036380e-01
1.173220776972008772e-01
-1.868632718541745730e+00
-2.803284694040406033e-01
-4.751939099033997693e-01
-5.214062448216630896e-01
-1.361463952193997295e+00
8.947562193215141679e-01
-9.060126882237352630e-01
1.771061838119223075e-01
6.838183267769413209e-01
8.515011085634589527e-01
-6.141574576673520802e-01
-1.545336204020183457e-01
1.019678143538283038e-01
3.711697459513712549e-01
-4.253146286057686298e-01
-1.096447887761720308e+00
-1.737028774201406778e+00
-7.134794973347835523e-01
-1.210403103757646814e+00
8.479616490002847007e-01
2.103820921152687040e-01
-1.426161481807929121e+00
-1.443508102733201515e+00
-6.275102343440120967e-01
-1.573013093950774044e+00
1.332100231046303707e-01
-3.963762275199330110e-01
-3.437360211562344725e-01
5.305362610984639682e-01
-2.864102662321077908e+00
-8.635219678742978022e-01
-1.832525185676075807e+00
-2.494637819517818045e+00
-5.827386977076655095e-01
-2.413946723314029374e-01
3.909681344515621992e-01
-4.907623224713413834e-01
6.075928037815061522e-01
-1.667618067071259702e+00
-8.855722887548903577e-01
5.765619632383591764e-01
-1.402626809270413055e+00
-1.379395287079161037e+00
-4.893469734279297656e-01
-1.272305715678261617e-01
-4.495998360732997856e-01
-1.395114300997168488e+00
-6.977848056084922090e-01
-8.362095809696479254e-02
-1.570227413889562440e+00
-2.823673702169576138e+00
-8.424987399363402796e-01
-1.023514445175006005e+00
-1.092327104333343568e+00
2.691073472046551229e-02
-2.111765904082238965e+00
-1.220224430404377225e+00
4.757119013473162794e-01
6.062083502669445290e-01
1.321350159619378017e-01
-2.245451705392403241e+00
-6.767852546089160315e-01
-2.771884623276974047e+00
-1.959848077812254008e+00
-1.657658402371275042e+00
1.695618991604778136e-01
8.335737240553181548e-01
3.966644740274026248e-01
-5.444011190936930422e-01
-1.569094753770698292e+00
-1.649462795695030959e+00
-2.835831598070211457e-01
-1.958441650509900711e+00
-1.030088593891091975e+00
3.676645601549065334e-02
-1.616916413135685016e+00
-1.822892513337968090e+00
-1.189316410215152997e+00
-2.018190488666727067e-01
-5.359609316748221719e-01
-2.480385289293053575e+00
-1.175525476974526695e+00
-5.848141716805830281e-01
-9.745105314017771247e-02
-4.670805927081309039e-01
-1.193662682230093752e+00
-1.054694514883107725e+00
-8.652518051974166235e-01
7.091270153225825990e-01
-1.177155705211234027e+00
-2.647817602436742246e-01
-4.869110807473840397e-01
-2.168788952849476370e+00
-1.243478880885959592e+00
-1.368493657106947259e+00
-1.718116115870122584e+00
-1.445350870663255904e-01
-1.715548139675260098e+00
-1.463222948927197065e+00
-1.206316740256433429e+00
-1.335316551900943116e+00
-2.234714439599604141e+00
-1.073789302731045781e-01
-1.812790048142378208e+00
-9.355737804679234992e-01
1.122400730841798255e-01
-3.032567866895710118e-01
-6.432755896553559172e-01
3.218329296240150517e-01
-1.138991755320495569e+00
-1.465678228306759534e+00
-2.080148462339467486e+00
-3.333538774733854293e+00
-6.438866167186239886e-02
1.162491686905002819e+00
-3.818442027136963457e-01
-1.891789277542217595e+00
-7.755457881038969881e-02
1.418651897195238598e-01
-1.718511941155442813e+00
-8.047663116641119441e-01
-1.587837220282344086e+00
-2.414781373335028292e+00
-1.513252739165450667e+00
-5.619903038421965036e-01
-2.354165667220462499e+00
-1.667389683906379982e+00
-6.902678087494247272e-01
-1.346454214595363075e+00
6.532027817518896995e-02
-1.621589551978175558e+00
6.221196987903627740e-01
-1.988571675057470900e+00
-3.321160897426890801e-01
-1.147378520512450484e+00
5.426457320504302073e-01
-2.203290931626406657e+00
-1.251672453991968359e+00
-1.132469358458957354e+00
-2.407684581268543234e+00
-2.292003766721345814e-01
1.604020104881846431e-01
4.690140341841330662e-01
-1.326063110842456760e+00
-1.755593768332074811e+00
-1.040710293469058634e+00
-1.566767589290771090e+00
-1.805290268574414103e+00
-1.818195934989894180e+00
-1.637549140843308937e+00
-2.688652841392609627e+00
-1.704280740434178876e+00
-1.855988992643380131e+00
-1.879218350216932842e+00
-3.239180854955799327e-01
-1.567756713883898811e+00
-3.305556210256720195e+00
7.882185733156108487e-01
-8.380838144725095695e-01
-1.549515832251777914e+00
-1.080328746640804249e+00
5.185754400093595118e-01
-1.178386177685070368e+00
-3.217195523057144513e+00
-1.130070552639500514e+00
-1.200225093389306830e+00
-1.689897674004698702e+00
-7.653392776898156891e-01
1.039898487598114762e+00
-4.251625579653586784e-01
5.502908603266898346e-01
-7.255187748487433239e-03
-8.797979700273734771e-01
-2.005121865725523644e+00
-1.344424035450227040e+00
-1.307552468255465783e+00
-1.653006060176526182e+00
-1.734961571456279661e-01
-1.243194301192871443e+00
-2.591231077408778560e+00
-1.365066239957248184e+00
2.708941072431858554e-02
-1.242014705740981384e+00
-8.564433947874029451e-01
-9.167945833392234789e-01
-1.779756648422645027e+00
1.109376574923626180e+00
-1.623516452273669142e+00
-1.318207178833556092e+00
-1.816772371465806390e+00
-1.942008318416770019e+00
-3.312154783701928285e+00
-8.176191129939058833e-01
-1.431633150695219125e+00
-2.231410685425744944e+00
-6.501183587145457077e-01
-1.689432795433559953e+00
2.890828314272815835e-01
-8.474673447556720918e-01
-2.411516274548902439e-01
4.924084007395788110e-01
-5.560562798496275771e-01
-1.524848122279002682e+00
-1.893712806009454575e+00
-1.057828954724654436e+00
-1.973101547635353059e+00
-2.445912755119399318e+00
-2.968126968994001302e+00
-1.047653145845701461e+00
-1.560276546521216723e+00
-1.983131738613228556e+00
-9.426498005010091052e-01
-2.437991994461281120e+00
-7.499039920638850276e-01
-2.930998878330915325e+00
6.912091288914276044e-01
