-1.606397100278485590e+00
-1.200178712456353436e+00
-4.338774467593976558e-01
1.858234781402970381e-01
-1.816516169949079496e+00
-6.984757950627520362e-01
-1.490451542911277905e+00
-9.444123461938516151e-01
-8.750854677060050379e-01
1.369374430123175390e+00
-9.377407791321314967e-01
8.510728535472202871e-01
9.674496098128053667e-01
8.083895749381477813e-01
-3.045790130302029608e-01
-6.392720035194162653e-01
7.655281760504993871e-01
-8.291337538020533693e-02
1.552771412472006674e+00
8.800233799168193372e-01
1.508099817258099939e+00
-6.845707046350119063e-01
-6.939613705069140881e-01
-5.674966491792707846e-01
-1.236422197527270672e+00
3.498860012621979321e-01
2.517461870599738138e-01
-2.477824095300211471e-01
-1.162818102546745003e+00
-1.385899653563543277e+00
1.258333167285768384e-01
1.937564852968033824e+00
1.518143711895764802e+00
3.486446715704573651e-01
-3.552344254449207317e-01
-7.394762548397626478e-01
7.307202570370776584e-01
-2.651054602428516427e-01
3.313587116680469791e-01
-2.100165337800807386e+00
-6.408126774618645438e-01
1.023923073009382234e+00
7.931173506581753463e-01
-5.989595932464589906e-02
1.279831695144007797e-01
-1.917482928807876741e+00
-1.158777180366626691e+00
-9.039791649109293892e-02
-3.241917198397800681e-01
1.446187880972626613e-02
-1.334270213138310790e-01
-9.649738669405346636e-01
-8.227878361480397418e-01
2.524823570394996719e-01
5.928951727988397424e-01
1.463840816079443385e+00
-4.403884463169336350e-01
-7.438846519707017491e-01
-4.028651493919573334e-01
-6.355994649050245027e-01
-1.471044688311701210e+00
6.229769397604776326e-01
-2.301146847073234358e+00
-1.110525665756895708e-01
-1.000889740811829132e+00
-9.550383565832810673e-01
-3.658587039415823750e+00
-3.806573860206792781e-01
1.066591154146843801e+00
1.286798625269594210e+00
5.181378965323298058e-02
-1.201491443093762657e+00
-3.699252172343833189e-01
1.485911212807035309e+00
-7.230008087914747972e-02
2.928238064644142491e-01
1.265602425620055538e+00
-8.689287158244710652e-01
-1.580322131398256058e+00
-3.503304498467085804e-01
1.987821016611304392e+00
7.650575507749545201e-01
-1.143611508097247098e+00
1.089239902472243005e+00
7.139894905959990323e-01
1.550058748804495012e+00
7.912650430916130795e-02
2.543001282752463399e-01
7.682718763639670434e-02
3.754610952995049433e-01
-1.443669323354682676e+00
-1.774428050046638894e-01
-2.983724599000111555e-01
1.868760333251211908e-02
-1.823717655796932569e+00
-6.342627566262909466e-01
8.141597334799389740e-01
2.502925178799369696e-02
-7.320053746768387937e-01
-2.522382040423009619e-01
-1.602261363040756059e+00
-8.276167849172769708e-01
-1.420088506867516198e+00
3.620146410686967409e-01
-7.222494320472001572e-01
-1.310074010880618367e+00
-6.846297092939942486e-01
-1.857286957251016446e+00
-1.431117218382526479e+00
2.275366522284042736e-01
-1.069052196730104320e+00
-1.196033179214951225e+00
-1.439185201551645754e+00
-1.430702514316036567e+00
-6.970288732537947007e-01
-1.333180849086653685e+00
1.462382858524726048e+00
-2.548290323682346425e+00
-1.490374943346058245e+00
4.365246518623815408e-01
-6.277962035544578656e-01
-3.232849263507096005e-01
-6.375899980989949700e-01
-1.783140644352901205e+00
4.500958517408857884e-01
-3.853688770827234378e-01
2.186539649864958912e-02
7.575712296761664133e-01
-1.076712109661709382e+00
-3.777823771240205186e-01
-3.773108888859135757e-01
-1.579613822539067680e+00
1.033288753210311883e-01
2.851086551455389584e-01
4.307909553408650893e-01
-1.157141398487950834e+00
8.554448350020847636e-02
-3.249420329533317386e-01
-5.993957186798976045e-01
-2.109833603005390579e+00
2.367449338741736131e-01
1.580730711165117208e+00
7.884841283401854417e-01
-2.491112265608674547e-01
3.831900750246000631e-01
-2.209183762377626425e-01
-3.098177281251269788e-01
-2.653326131744706995e+00
-1.068909429951677925e+00
-2.985963635754811829e+00
-2.586130793173986864e-01
-8.996783229511238211e-01
-1.259876938797689361e+00
7.323334093138240686e-01
-1.455823401378963711e+00
3.364518827769295561e-01
-7.937183357603402323e-01
-1.462512341168412000e+00
1.842338161290331344e+00
2.355458287271189610e-01
4.664382843078288543e-01
4.621299427583494546e-01
1.300869903966670460e+00
-3.788693160301496721e-01
-9.991226944089841577e-01
-2.618897210771021555e+00
-5.600876963514990203e-01
-8.326830922246308830e-01
-1.295327446030042795e+00
-2.210012705902467900e+00
6.598190861272655861e-01
-1.055840289094185508e-01
-1.421978743465893924e+00
-2.302720974379622310e-01
-4.375785101257740339e-01
-9.416639257015412268e-01
-3.927755136702033162e-02
-2.746227753118964277e+00
-3.872076399401293556e-01
2.478923616473677483e-01
-1.138007952528434341e+00
-6.360131000236788346e-01
6.267154206338745315e-01
-1.204393985544002454e+00
-1.645815811868411582e-01
-1.442286239611399790e+00
-1.661141322263592013e+00
-5.160974331635320711e-01
6.212369559581518708e-01
-1.619426662245121884e+00
1.200045766230548150e+00
6.464198769409154055e-01
-2.029904918120317259e+00
2.019783569219634964e-02
-9.435439049042894100e-01
-6.014962272615215211e-01
1.299269236150240259e+00
-1.856331129941253710e+00
-4.584631632483083252e-01
3.581963752341725815e-01
-6.721121485358474423e-01
2.774462266489595152e-01
4.587311122208662800e-02
1.873563722025323453e-01
-2.274162463660009514e+00
-3.124218626907999119e-01
-5.063107651951053167e-01
-6.038352392068057073e-01
-2.535693245551938757e-01
-7.759091803707141716e-03
5.244988548697983033e-01
1.396036705369833930e+00
-1.546009548135334477e-01
4.233971993810914380e-01
-1.528012401565599809e+00
-2.353357868399450048e+00
-7.934823853441631547e-01
-2.936201827476165871e-01
-1.277294019388748092e+00
-4.379921047971672698e-01
-1.288001558241760547e+00
-8.950190336577670269e-01
-8.506177428090054837e-01
-5.164179168344913418e-01
-1.529475733501664436e+00
9.426902236972280191e-02
-9.704835319867841648e-01
8.821896872523140587e-01
-4.720687954837530231e-01
1.612131111360340097e-01
-2.832531751423625344e-01
1.559454229516592239e-01
-6.185039931239632027e-01
-1.485570585562525192e+00
4.484498054839788361e-01
1.867778250119576100e-01
-1.894440172771711284e+00
-1.202969829960115478e-01
1.760312322857838785e+00
-9.298286575504463025e-01
3.441032600225419902e-01
-1.503267950731551617e+00
6.731874005262732386e-01
-1.389037464221975493e-01
1.224685868277871625e+00
3.167245872855233291e-01
-2.523773029942026347e-01
1.124103379389888691e+00
7.778911318322153656e-01
-4.489464334705826898e-02
-1.310973666864499787e+00
8.249511512385957479e-01
-1.119236808431300023e+00
-2.856217892903616939e-01
1.488198503446143406e-01
2.848411871827849495e-01
-1.315489637901863684e+00
-2.534590658468060392e-02
8.448378430332768863e-02
7.486904062972217500e-02
-3.217784816830718819e-01
-6.688685300945569345e-01
-1.479120793201357253e-01
5.457179075840435933e-01
-2.500669611165263206e-01
1.164060801652630373e+00
3.090020064856776050e-01
9.168735905395124508e-01
-3.658360658410832623e-04
8.292191738954267644e-01
-4.912219232255098378e-01
-1.848053185764261697e+00
1.103439210750818855e+00
3.159986438506695583e-01
-9.529882315237548918e-01
-1.424167173295037170e+00
1.101852149748410170e+00
6.823120314986430568e-01
-4.773456914986761168e-01
-2.603098847272606320e-01
-1.343114419531301840e+00
-7.718354547626613549e-01
-1.278531273673231494e+00
1.056157526377623085e-01
-3.198058721907268143e-01
6.458710562520783016e-01
-1.962074031989744505e+00
-1.186454109185310080e-01
-2.059761683258150844e-01
-4.496545001445487189e-01
1.619233266195453158e+00
-1.078468788482081608e+00
-6.288730425224684506e-01
1.621752176273814516e+00
1.549907104225130006e-01
8.040562752981018912e-02
2.603370278491604073e-01
1.047856233634941514e+00
9.130854327626598543e-01
-3.462349573109026468e-01
1.433034935966163603e+00
-1.327806687508805705e+00
-4.820520160878811744e-01
-4.614937403422993967e-01
-1.860558568247436262e-02
5.177149328770191267e-02
1.626226367956610686e+00
5.501137314719236615e-01
1.323807104362449749e+00
-1.285286159891387003e-01
-2.531914663025607859e-01
-8.215922585341818574e-02
1.154494537174616475e+00
1.490737299350088030e+00
2.861384200403385147e+00
1.526201001117254430e+00
6.856155855997825288e-01
1.980881977527730209e+00
2.124373986231605560e+00
2.119382971971955243e+00
2.488150384304741447e+00
3.147621147596294300e+00
3.448092181688548474e-01
2.893561143311118578e+00
-1.498054527901230559e-01
1.702518929956407634e+00
1.329353348943609570e+00
2.036248973229317194e+00
2.451067208766386951e+00
1.268911095074668927e+00
8.594613059681986966e-01
1.282217753898063473e+00
1.253379633122770009e+00
5.381572147687714303e-01
2.235318287312910712e+00
2.856659001709375811e+00
1.645150416044337538e+00
7.877266253680317298e-01
2.556312718516353666e+00
1.450564079725876754e+00
-4.684109436510350832e-01
5.772367934792627109e-01
3.125065899323367646e-01
2.142003832795339680e+00
-6.765890079239810229e-01
-4.216521013637338777e-01
-4.839033067349367001e-01
1.915859474808287777e+00
-1.173590439731701851e+00
2.076681471425800840e+00
1.063222073425263314e+00
1.324242324514175173e-01
5.212529287039888715e-01
9.609094083317518131e-02
8.413142575665774059e-01
-3.371526478128884508e-01
9.192654170880915077e-01
6.015701338561942890e-01
-5.823120313837567563e-01
6.547970992325912176e-01
4.881434007574506073e-01
-7.366940704584572508e-01
1.495997957962728053e+00
2.955475586948990152e-01
5.897690191182642927e-01
-9.961129402035077129e-01
1.207227224907101659e+00
-6.221311722350644779e-02
-5.108467121656177223e-01
6.316131023200304284e-01
1.015458019549337898e+00
-1.186343477443337902e+00
-8.048570924690680306e-02
1.085062332205390806e-01
6.113070899166783700e-01
4.005804546437240904e-02
-2.202234247539216760e-01
-6.823535226323975689e-01
2.158496869063271539e+00
8.723022806046383248e-01
-1.688442905725966225e+00
1.271239996892862822e-01
-4.252938529820554092e-01
1.430221627296199838e+00
-5.350310418466331930e-01
-1.135638981975698236e+00
-3.007091334611980749e+00
4.450548161658587909e-01
-9.119312508605852408e-01
-2.774865805021069498e+00
1.181580740999104373e+00
1.019108277831953124e+00
-1.621766533434224611e+00
-1.680279525284435194e-01
1.497809504252328949e+00
6.068540906918802325e-01
8.666145353532272999e-02
-8.729876480770726310e-01
-2.915080982800959952e-01
2.003070773784328740e+00
2.531936047492306940e-01
7.104766535953912499e-01
-1.246417955797605615e+00
-4.928078006243608589e-01
1.873000199755772144e-01
1.096754660178380636e+00
5.109567108222565768e-01
2.006863433835868182e+00
-1.443754221917811775e-01
1.835619745161902294e+00
1.562752039379012414e+00
1.673001020492372204e+00
1.205205825374007222e+00
1.766683442538595550e+00
-6.907677030930631235e-01
8.335796396944570308e-01
6.464330158805003945e-01
6.613645546311391898e-02
1.594846699710391391e+00
2.562238597013322572e+00
8.404923872462674028e-01
-3.065360214933897983e-03
6.794396177454211649e-01
2.823129574602028846e+00
1.647024524228184683e+00
1.966686950072749962e+00
1.604503892763603279e+00
2.324650513094501658e+00
6.887429583586766046e-01
8.903988990693775252e-01
1.712153570488230470e+00
2.038131509582720824e+00
1.737532066798657127e+00
1.597240303033514053e+00
3.369392212496606920e+00
1.736060328476025649e+00
1.671963101557193854e+00
2.283863853326028703e+00
3.796569139921564418e+00
3.389742968403708812e+00
1.645814295402354910e+00
2.301637693079697122e+00
3.839332857131180443e+00
2.291286065475889977e+00
2.491670367977909528e+00
3.352260637988647485e+00
3.441372321780781451e+00
3.920639537685825182e+00
4.672173436135540037e+00
5.429462106283252432e+00
5.908317359518527212e+00
6.985541843580532095e+00
6.517660959963793132e+00
7.922708788635132393e+00
5.710369253493150055e+00
7.194101190603626073e+00
5.511025863476556985e+00
6.292078476311642632e+00
6.769341414151572422e+00
6.016762471817419744e+00
5.543212229099795607e+00
4.204721735438167407e+00
7.151555439027477590e+00
4.141189363605185747e+00
6.050794661979559841e+00
5.174696022212366131e+00
3.809344833788351092e+00
5.116655760286680454e+00
3.544087293759965007e+00
4.325132194202789826e+00
5.397171604194571870e+00
3.032114776888144014e+00
2.667931886289673482e+00
1.969249678626633582e+00
4.273069136882637231e+00
2.753102038518081773e+00
2.281194725375993659e+00
3.451852953924420930e+00
2.286903959176274093e+00
6.622971466559607334e-01
2.935727209294909379e+00
9.809509806008721577e-01
3.024894686051627701e+00
1.550539953177619834e+00
1.538354167057623290e+00
1.955548261344796757e+00
1.842377888181524037e+00
3.031678707693639119e+00
-1.325168508010640567e+00
1.814144684872510460e+00
1.356819153152432511e+00
2.830256089203663228e-01
9.141638016929238830e-01
1.934766304672776549e+00
1.859233092971558365e+00
9.009530923272978109e-01
7.984053522436324046e-01
1.075722980550417596e+00
1.252086904140916612e+00
1.413441504913228952e+00
1.380355587517639426e+00
2.925067803232553221e+00
2.274252766132632608e+00
2.656086946291752238e+00
2.620861821258241076e+00
2.766810416752557789e+00
3.119509194465500013e+00
2.545312548348211301e+00
2.016046192113418289e+00
2.212884319326379856e+00
1.462003631326202369e+00
1.981458337793114088e+00
7.711152805128997922e-01
2.611850020989949783e+00
3.023301055734244347e+00
2.828341170100889812e+00
4.768453906771600082e+00
2.111766859352251835e+00
3.266134209658625220e+00
3.745956805284546220e+00
2.185129644152223438e+00
2.925268762230358810e+00
4.234945233604676673e+00
2.119789224400093097e+00
5.141188643076045395e+00
2.806044676118546466e+00
3.583572487518571492e+00
3.222012143244896265e+00
3.477873145831224644e+00
2.177104861633519128e+00
4.663343183865353403e+00
1.954755539315638169e+00
1.813913197882339956e+00
5.169862882743073484e+00
2.505134922009900400e+00
9.008481968446093724e-01
3.350292895973583818e+00
2.203807147465834060e+00
2.332047730002546171e+00
3.601856084140591996e+00
3.031806510110263364e+00
1.560336946180002737e+00
3.504492843011389969e+00
1.908571769453486056e+00
1.216286231817284680e+00
4.559870395659112674e+00
1.670076933493807259e+00
2.146135003410981845e+00
2.315953060296084942e+00
2.216633746346063472e+00
1.665777144356542117e+00
1.104250028732008060e+00
1.139006205389966331e+00
2.640903193116703296e+00
-6.050717609599694929e-02
2.505654127254194119e+00
2.851101175834752643e-01
1.240695171128311625e+00
1.399659387219549522e+00
1.559554044367187364e+00
3.889452574531711004e-01
8.441348649065772980e-01
1.715234598624284290e+00
1.575269011260202356e+00
-1.939473033095553134e-01
2.484269406626003374e+00
5.179197866687522689e-01
-1.398978952394297481e-01
6.331502875277964515e-01
3.061679921811135685e+00
1.878672427383813348e+00
1.041926628470791760e+00
1.272079900402815600e+00
2.658823278721151429e+00
2.134223153826030561e+00
-8.338958702690236757e-01
1.176778183999816596e+00
-1.910210412650616973e+00
4.481181524614223366e-01
1.920541312780879473e+00
1.979828617310556371e+00
1.402230510705512745e-01
-9.944603668166713817e-01
5.901207145457830761e-01
1.256790622466849916e+00
-1.079797319783440512e+00
-3.691795888519215640e-02
9.130095486320344289e-01
-1.453609253943860535e+00
-8.835670076528113759e-01
-2.869324821414566684e-01
3.253815064836207860e+00
-9.100766202700709684e-01
-1.176656986428919138e+00
-1.796347665490270196e-01
-1.626640159557143084e-01
4.775394187998145412e-01
-9.786430981979608035e-01
1.305554215549320274e+00
9.731512960093594566e-01
1.960504180771733607e+00
-9.996344579361331195e-02
1.073497267019569712e-01
-7.122007441613740220e-01
1.315102971276727928e+00
2.387121826125122859e-01
-3.000512543987811642e-01
6.908092639862783990e-01
-1.300592562845607869e+00
-1.107920846808456039e+00
1.171592464206982626e-01
-2.149656349075141915e-01
1.731583839449989837e+00
1.650439135451724271e+00
-2.339145417768523638e-01
1.581320189367540374e+00
7.231026149550046078e-01
-1.176207439221271106e-01
1.332969191006749154e+00
-4.250061713895092463e-01
-1.375403611347695287e+00
6.219979894192496639e-01
1.106727451623600977e+00
1.657390109530849087e-01
-1.222998408144304605e+00
2.415013060427611408e-02
8.656984048401487053e-01
3.894984846460937677e-01
8.813597710918821271e-01
4.759458263368517295e-01
-1.896951381953061233e+00
1.346693764623391187e-01
5.056989047577685747e-01
-5.672941135511051503e-01
-8.005933745550241065e-01
-2.007074332968699970e+00
2.001898633270180028e+00
1.487017455218628603e+00
-3.305064007903645851e-01
1.245685229767838686e+00
7.338214446698629323e-02
4.612826027971282383e-01
-1.300805813319735771e+00
-6.166618289352829851e-01
1.464843449435050404e-01
-1.439552927885230593e+00
-2.328412166650879189e-01
-5.744333598974493693e-01
-7.930897031866125380e-01
-1.745167526710605044e+00
-4.205463128704783893e-01
-1.791092101000510528e+00
1.024754247609787949e+00
-1.410390837349085658e+00
-4.400583895898067532e-01
-7.474601244020544488e-01
5.800336400547428939e-01
-7.627343977015409449e-01
-8.113543439969894688e-01
2.571096135478673217e-01
5.517631462564603906e-01
9.929499164679973511e-01
2.019696820707711504e-01
-6.809819059264073937e-01
1.488495932126093102e+00
3.318375546499431339e-01
-1.235593256484069924e+00
-3.910163259684562576e-01
3.530830460115102487e-01
-1.736329642773610349e+00
1.347960513627031620e+00
1.158268745010352818e+00
1.519117107222023311e-01
1.890891305057484373e-01
-1.216153031285017505e+00
-8.886372184659661055e-01
2.418945187560950921e-02
-4.533075987323345601e-01
1.037150784040102414e+00
-5.798877818487854219e-01
8.848771979774597840e-01
1.533903566484856595e+00
1.104264108634837038e+00
6.134353810452153333e-01
7.589758591567850043e-01
1.215860174462337406e+00
-9.710896579712428034e-01
8.433597871742209984e-01
1.508845005532296613e+00
1.433404057724908309e+00
-2.285380353018811872e-01
-8.939347363454043516e-02
-4.366759842022834848e-01
-5.399765080103079429e-01
-7.352427205064190341e-01
-1.141941761932753485e-01
-1.592192044803357964e+00
4.473025475925090921e-01
-1.114389054970633230e+00
-6.325448013455814422e-02
-2.251955739514064359e-01
-1.252618542434567050e-01
-8.681219640018638106e-01
-6.737540046169180341e-01
1.627364532797732632e-01
2.438371401391866033e+00
-1.330646326460464657e+00
-1.149069789427725752e+00
-6.584632164060111315e-01
2.146202254338232862e+00
1.983236779432243340e-03
-7.431618483794352192e-01
1.557781820480225454e-01
-5.848711795764782728e-01
-3.648514326182086265e-01
-3.386049496616479471e-01
-7.712969932117631489e-01
-7.926193166679884605e-01
-8.521293427452012459e-01
-2.501408074369688705e-01
1.433470413998646720e+00
-1.547035998028994719e+00
-4.872036148756144769e-01
-1.441086986764721634e-01
-1.964626467037261792e-01
-2.432127268985051216e-01
8.864991413746300397e-01
-1.390929894670660805e-01
2.395626232245569032e-01
-1.784138068557205470e+00
-2.793644945841340932e-01
-2.050780763057753475e+00
1.713922489184245279e+00
2.870758066910349404e-01
-1.826887608398817919e+00
-1.154251514564720082e+00
4.975583861765938698e-01
1.209828420954443429e+00
-1.954722303081642520e+00
-1.607100949691260050e+00
1.409684813418625060e+00
-1.405910000859337483e+00
-1.252829243173692930e+00
-8.913202067027687914e-01
-6.093823944995813147e-01
6.495654430932840118e-01
-1.021129860967922243e+00
-1.461778858948728152e-02
1.375640812927836798e+00
-1.522777076846836719e+00
-6.405424484815126496e-01
9.100562361505386555e-01
-9.563960488087773770e-01
5.098775046716953752e-02
1.395373547020757110e+00
3.338464667802572561e-01
-8.907687097675364152e-01
-3.830175311908190494e-01
-1.331039558103517817e-01
-5.230178788692228797e-02
1.352815593947461092e+00
8.338460732490303728e-01
-8.859346628775846000e-01
-3.300161650879555042e-01
-2.851645349565061771e-01
1.217930573324187415e+00
8.635612427771454103e-01
-1.184198486630025027e+00
-6.229539885277070033e-01
8.784068925988711696e-01
-1.318992363680737412e-01
-1.101878431114433621e+00
8.016606168511188069e-02
-1.516946741726087899e-01
1.789004676212003764e+00
2.397775799673496355e-01
1.610235836003746535e+00
-1.012574781672735735e+00
5.498696603264840999e-01
8.833505990559760157e-01
-4.623721910336032748e-01
-3.026903930861424979e-02
-8.814077436934172338e-01
1.544055994685931577e+00
1.200749138049558962e+00
-9.187101239999292401e-01
-1.153112334840233455e+00
-3.573685774108801422e-02
-1.486448818640113689e+00
-3.967913167909691285e-01
1.589173308722128530e-01
3.302036188211902590e-01
2.357307729117565642e-01
-2.846604689566654134e-01
2.190204709247228543e+00
-5.136343157694263084e-01
-1.566821611959947402e+00
-1.536537351313306488e+00
-1.110891624548725476e+00
-1.669982108425537959e+00
1.020210698821319317e+00
-9.742194492393864425e-02
1.834162618677216416e-01
-6.304018515366547337e-01
-1.936198047755577079e-01
2.413575665017348715e-01
-3.948240414061857662e-01
1.940398534191549285e+00
-7.100205831772525844e-01
2.247444870694189911e-01
4.217874001744809087e-01
-2.031370767817282097e+00
-1.041556751051637031e+00
-7.604961646819083931e-01
-1.484214049645930178e+00
-1.633529523460537647e-01
1.228259158237346549e+00
-3.349824153650705072e-01
1.656100751556585648e-01
-8.395581065255591779e-01
-3.317768918285682878e-01
-6.686776420023187173e-01
2.247327244916959843e-01
-1.987792610362091761e+00
-1.661687648823809260e+00
4.346230374800623131e-01
1.333852826401927594e+00
-1.660953341040580122e+00
3.915358367330238898e-01
8.087719127233663485e-01
2.156466214694295225e+00
-7.950031972448938777e-01
-6.856987836908965406e-01
-1.589490440134493782e-02
1.227583563588921178e+00
-1.438497404338266339e+00
-1.942163895281368846e-01
-3.025170617890990399e-01
2.897865270690964112e-01
-1.621141467047892415e-01
1.033159575665690166e+00
1.013302217410855910e+00
-1.634665175432185591e-01
-7.219581887090552146e-03
1.284096255517958030e-01
-3.295946613256459795e-02
4.653500267441761928e-01
-5.185517624397918413e-01
-8.591499152174214560e-01
1.422069168268927930e+00
-1.093607313274254311e+00
-1.321343882325079377e+00
-8.271090241527895293e-02
1.532895794385935151e+00
-1.861276124796738429e+00
-8.268927112145705305e-01
-2.942708840451825347e-01
9.629669138277844320e-01
-1.508708164295562204e+00
1.230482505640897450e+00
-2.247835158432139657e+00
-5.102218810393366333e-01
-3.449989950352542190e-01
-6.241624297378741693e-01
-1.205128258948793052e+00
-2.716419660335271935e-01
1.190589408986280517e+00
1.452077949753449948e+00
-1.775140992421380792e+00
-3.364017800392207214e-01
-1.696768462932932264e+00
-8.712795179702768067e-01
2.202513452986076536e-01
-2.495234207866864562e+00
-1.557775393147399767e-01
3.921907980329187859e-01
3.827701071949735634e-01
1.467532559202497700e+00
-1.205565445902902155e+00
-7.380538815914762241e-01
3.426049162204304332e-01
-1.029800162719919365e+00
-1.084882105866622481e+00
-7.583065790827205888e-01
5.174553687077682040e-01
8.302847976178397982e-01
-8.013713196459474331e-01
1.378772060106202568e-01
1.545511282836978362e+00
2.748651442989800686e-01
-1.776455276874277789e-01
2.106671495603364974e+00
-1.802923822867916748e+00
-1.245346990223291789e-01
-1.232919475786236729e+00
-6.053345413178669032e-01
2.959844647618079527e-01
-1.138964509930710856e+00
-1.279415368170871092e+00
1.975185129913932525e-01
-1.910250452398689180e+00
-9.793830215735306599e-02
-8.398615171405273694e-01
-2.408804373414482128e-02
-7.581170430251027437e-01
-5.335663841830013965e-01
-1.576223252691907328e+00
-7.831754500192699142e-01
-3.572951396883383701e-01
-7.594262224072728662e-01
2.010899925253824272e-01
-2.686287575931740168e+00
-1.217773954273013298e-01
-7.399014431892033672e-01
4.692288224922378514e-01
-1.758747183988368032e-02
3.865195846974921468e-01
4.271622289922052951e-01
9.937987071795642002e-01
-8.400838412722444470e-01
-2.197700517981686363e-01
-9.842153956812709215e-01
-1.830828324871672519e-01
-4.590923411773672469e-01
-9.400835577493222850e-01
-4.351075211327213865e-01
3.716980620630826182e-03
-5.758690923093667813e-01
-1.105534526544749818e+00
-1.371680936377725146e+00
-1.015594939839824074e+00
5.100485115558810456e-01
-1.209528539960576854e+00
-8.276409803105012619e-01
3.634291774939453767e-01
2.695734981884899753e-02
1.858030700047116068e-01
-1.960390073683315471e-01
5.661620228669349553e-01
-3.739279439635473934e-01
-1.750613238100993119e+00
-4.276352930694242160e-01
-7.492181520941383344e-01
3.135749259745529427e-01
-1.190438022191864231e+00
4.046774776256663597e-01
-7.211372444794298397e-01
-5.607922813470460621e-01
-6.280485238624434752e-01
-1.050045121704844542e+00
-9.289339237481263056e-02
-4.414613492639248848e-01
-8.892571530611029784e-01
8.162204186270483053e-01
1.241095708516173790e+00
9.414829024181130546e-01
-9.061401549167429348e-01
-6.542914415659365490e-01
-1.919334828036719509e+00
2.075870068333092622e+00
-1.097891843082632990e+00
-2.953390609292687596e+00
1.527689930658189699e+00
1.603685091264856755e-01
-1.526321406675049119e-01
-1.286427047326977657e+00
-3.148347038378388474e-01
1.186279806063030406e+00
-1.832083060572518574e-01
1.502238443241898480e+00
1.221364048875988928e+00
-1.832506730501905823e+00
-1.509920318084678525e+00
-4.928205583528786349e-01
6.216102271192431861e-01
2.338238923947551229e-01
-2.187957287562380670e-01
-3.956397701944579515e-01
-4.693402317635250176e-01
-5.518289188355050001e-01
-1.829341431614563085e+00
-6.131591118518222583e-01
-1.548389794647636597e+00
-1.408748767371405197e+00
1.155674921028045254e+00
-1.174875749013674753e+00
-2.306289070321635659e+00
-1.466775442270783214e-01
4.889877501255402437e-01
-6.594692163278901287e-01
1.071909763611515132e+00
-1.098137219685448418e+00
-2.961153902716817110e-01
-1.017075798194024161e+00
7.980436638739969446e-01
1.582546468572614051e+00
1.061857334452178184e-02
1.634506656510269496e-01
1.502364329614452876e+00
-2.944661643669794771e-01
