5.532346534631221030e-02
7.460977352472575319e-02
-6.744209423867660869e-01
1.030164316101104705e+00
-1.561244497260591668e+00
1.685663256607942140e+00
6.998045328991444602e-01
5.775716009975985221e-01
-1.213968836831771592e+00
-5.539961257506841735e-03
1.307952896133158793e+00
2.277376828631938466e+00
-8.592924740218917112e-02
-9.159530482497327819e-01
1.668775510143239771e+00
8.538208984647823740e-01
-1.671300353662514615e+00
4.198071192197562751e-01
-1.203892939355122760e+00
-1.923429010576478138e-01
-5.053366958213089122e-01
1.117602080577853929e+00
-8.024702139325369243e-01
-6.714780783365841277e-01
-1.157292760266147441e-01
-1.705900302847698780e-01
2.630416076526692071e-01
1.021639071221238204e+00
-1.291169484054319527e+00
-1.319531129905831879e+00
-1.220792047824664550e+00
-1.488495744982150926e-01
9.729294629073415024e-02
-1.625978891365067736e-01
-1.325218978064669706e+00
-3.847476868072371298e-02
3.295752009678294403e-01
2.754794972416575449e-01
-4.490630970530998245e-01
-2.047009885122924366e+00
3.225319057867668260e-01
-7.655922103388643762e-01
-1.141011566462147853e+00
3.749159263041144663e-01
4.971767635530350837e-01
5.474021680490864794e-01
-1.734639955262752720e+00
-6.481367898865822985e-01
-8.179497331697517248e-01
2.790039044613921715e-01
-6.057288758757920499e-01
-3.281624093601129832e-01
6.109545955475195189e-01
1.074182523816098689e+00
-2.061472265915381019e+00
2.069055720475755644e-01
4.185163389071750450e-01
1.642409106222724624e+00
-3.629787850963446805e-01
-8.616080878081160410e-01
-1.336825726712042917e+00
-1.393957194076000383e-01
1.283974844834890439e+00
-3.045383122324016867e-01
-1.678583377050797687e-01
-2.439529078700008735e-01
-6.351542258326947632e-01
-1.160830700483447053e+00
-4.735383870614607860e-01
-2.580031411848276446e-01
-2.129163036677989562e-01
-8.594725884675054051e-01
-1.427462259939010325e+00
-5.371378104580526447e-01
-8.689277012963937674e-02
1.835736295794547848e-02
3.468772167543258678e-01
1.232264359280060839e+00
4.087883389624076824e-01
6.905940997685368066e-01
-4.789375771267632698e-01
7.641313850349623626e-01
1.860998788175219243e+00
-1.036186682746878862e+00
1.069933019285541631e+00
7.759727225566179776e-01
-1.374880324132549125e+00
-6.481240616891714712e-01
1.104791892650997115e-01
-7.830535254364967557e-01
-7.888410335709549193e-01
4.740203157773749121e-01
6.863625212082089533e-01
4.176542312105190891e-01
9.127507517259129607e-03
1.560939099746563974e+00
6.126743787676126596e-01
5.447263844153339418e-01
1.315093306498387626e+00
-1.060374313023728421e+00
-7.908244574519150971e-01
1.318111845648464620e+00
-1.816005900322345892e-02
2.707038494856588429e-01
-6.027475115040777931e-01
5.795489683707327755e-01
-4.394041164906635766e-01
-2.503568872018807623e-01
-2.103550494972686646e+00
-2.056536460700400415e+00
-6.689951396412431306e-01
-3.908559988696932441e-01
1.609994531741642254e-01
2.442441897364172332e-01
1.052611859464039762e-01
5.316514902577272883e-01
2.061162235598471781e+00
-5.466830702278518972e-01
-8.676234424554853941e-01
-1.159718332994675860e+00
-6.059187568081830094e-02
1.814571216672914433e+00
4.113430179872353820e-01
-3.978584267072010072e-01
1.378495514880557105e+00
-2.232917773143833495e-01
4.821765431341285546e-01
-1.114103758002820355e+00
-6.912582056231852956e-02
-5.102218293840868890e-01
-3.881390247118695069e-01
-8.442899230878283534e-01
-8.327418816743972219e-01
1.493196124093687072e+00
-1.066416559267284514e+00
-3.716052413574650326e-01
7.912283990328228267e-01
4.294553624828199578e-01
1.644724772200971907e+00
1.302727427832468310e+00
9.226652662701062546e-01
1.005778193666404086e+00
1.562773498718046106e-01
4.547612865868266852e-01
6.697352479739960840e-01
3.650231808524878607e-01
6.965367782525883067e-01
3.430937920120118445e-01
-2.471843863894938320e-01
-1.025657827787215259e+00
6.422301024650214352e-01
-3.157151302450944552e-01
2.043649352575688916e+00
1.880053109747910067e+00
-2.794421737050580279e-01
1.164532911683552774e+00
1.671802050365577275e+00
2.307020056551385978e-01
3.421645325742658783e-02
1.139285930392091473e+00
6.382261416889536410e-01
2.995081587346447027e-01
-3.853617390589094693e-01
7.972794723545888473e-01
7.935266946249194264e-01
-9.403746115820079687e-01
1.046312175279345169e+00
-8.810101516027023516e-01
4.554027182162484477e-01
4.064587750844479985e-01
-3.457453789774231345e-01
1.020725343834198107e+00
-2.342559460116369618e-01
1.246105765740331162e+00
-1.008920767377048666e-01
-2.663555328276064671e+00
1.866207042548613249e-01
-1.938730169547530968e+00
-5.851933757376034384e-01
2.029333978176530273e+00
-3.990595695106666230e-01
-3.307638371005272027e-01
-9.082940896807906173e-01
1.084028416314068766e+00
-4.197616538415587795e-01
-1.176235227232096808e-01
-4.158591926581657883e-01
1.137231918091083260e+00
-9.334272258744488737e-02
5.624392321269537920e-01
3.717057403117178249e-01
-2.750780088379565225e-01
1.145917081139031235e-01
-2.527856196053747118e-01
-1.033676362063444376e+00
-1.910158100692744831e-01
1.077615255007807749e+00
-8.768483336678385698e-02
-2.112203103645954538e+00
7.823721263397458436e-01
-3.835843826246882471e-01
1.772115053405639351e+00
1.052023731632333092e+00
6.267034682931577061e-01
-2.095122711124910442e-01
4.710092205887437822e-01
3.173616491265202733e+00
1.259457110346925646e+00
-7.208288677341002648e-01
2.428152075277466793e+00
4.044373906406818486e-01
6.045695302045676900e-02
2.031296080259417103e+00
-4.055639566029503595e-02
1.573839483849807985e+00
9.351666054874275824e-01
3.564406473359645666e+00
2.253077542160063729e+00
4.193142289467308714e+00
2.810985420022865444e+00
1.094021108359657157e+00
5.351799201778180581e+00
2.574894685105196146e+00
5.133724710120437962e+00
4.192931311097476410e+00
4.388422783292491580e+00
3.007068301179403935e+00
6.177601798277509992e+00
3.824514467942061291e+00
4.531516386812166175e+00
3.975452511997942029e+00
5.649044034123275715e+00
3.783538674137894020e+00
6.232727218430542671e+00
4.516210261198864373e+00
4.536629695638596083e+00
5.662684810101663579e+00
4.444989660108777052e+00
5.731617621053279876e+00
5.625801136195065943e+00
5.936918157819776276e+00
5.719665723893990084e+00
5.926204312122250961e+00
5.212584154863341368e+00
6.843103425784940796e+00
5.072993099162236064e+00
4.256973434481531093e+00
6.370492556220788138e+00
5.611593750362405153e+00
8.619515339239308460e+00
7.202901509556070891e+00
8.687450935566040755e+00
6.089697329316513752e+00
8.912221476967804534e+00
8.047347593368700203e+00
8.660285125875457624e+00
7.553186470980545408e+00
6.877331237884157566e+00
8.403780513385157747e+00
8.853750907738051623e+00
8.913770203876062226e+00
9.835366376433940516e+00
1.073059938469376817e+01
1.012692077990580231e+01
9.833473022174064937e+00
7.713016150247901770e+00
1.043210846498595501e+01
8.296615519050055454e+00
9.571841768164414788e+00
7.756666559089806512e+00
8.653747855771394271e+00
1.007095457433320895e+01
9.550388453296276836e+00
1.015341975944826736e+01
9.051132066311122770e+00
8.874046110168702484e+00
6.543094329662561215e+00
7.307085179547980758e+00
9.905459191618028569e+00
9.768290192733791955e+00
7.427914522051469071e+00
1.019478700100250812e+01
7.962771605606400627e+00
7.842162148870814420e+00
9.579022609031342839e+00
8.131789715652333328e+00
7.351961399419461252e+00
7.492673063086783714e+00
6.939986963650528473e+00
7.361730649105514779e+00
7.940490436662075879e+00
7.599692896305118239e+00
8.315752726197628064e+00
7.177782404610169031e+00
7.915453778039532651e+00
4.729785511314465118e+00
7.193028239641449773e+00
6.032131341639294320e+00
6.323732797111040860e+00
6.234527048603554000e+00
6.602469767748956109e+00
5.746083012112706001e+00
5.178651600262372590e+00
5.125977190802994521e+00
5.226283729941170186e+00
6.463799652312593125e+00
4.790579020120220299e+00
5.863418076946349089e+00
2.430303176867909976e+00
2.177747545359118408e+00
5.325467600989507666e+00
4.824544309906748651e+00
3.489123045587857241e+00
6.349292685623184163e+00
6.498285339490445622e+00
5.050015415376702954e+00
3.088264461169067499e+00
5.024918560462118933e+00
3.561887528207223763e+00
2.274135839441494777e+00
4.601558236922056011e+00
3.310090215193504992e+00
3.637800074838479780e+00
5.758846185972965159e+00
4.666200650443212972e+00
4.981801007277862681e+00
3.782598623498683477e+00
5.578095015658545819e+00
3.409745259518498273e+00
4.042948532102012216e+00
3.592843256174916178e+00
4.902841832443734837e+00
2.170315463281124568e+00
6.817798649022221547e+00
5.289597683310819143e+00
2.731914375856983934e+00
6.031129927269580193e+00
7.271278999803096887e+00
5.307815095874588884e+00
4.272664347651060623e+00
5.912850592452605802e+00
6.397275616663534947e+00
6.961762498787972930e+00
6.375503211997847863e+00
4.975751657347775136e+00
7.331158186507103380e+00
6.522201515274502093e+00
6.971355754447426278e+00
7.496251943580630517e+00
5.123258934731966363e+00
6.421813837767579969e+00
6.108546438199828010e+00
5.915099513936447728e+00
4.125670417788396271e+00
3.250878426670055443e+00
4.941159533023935957e+00
6.702041898825870980e+00
5.477806745361825769e+00
5.183811015696433877e+00
5.596646500020789894e+00
5.231878418388677510e+00
6.157868888592755496e+00
6.526995871077176936e+00
5.657571214622311828e+00
5.389893813085120833e+00
4.766286105874679713e+00
5.702515605403226218e+00
5.463032021879705269e+00
5.250920044767853234e+00
7.565045988894119944e+00
4.783651537701820722e+00
6.459236467413745686e+00
7.363161791007413193e+00
4.499515787311751502e+00
6.659344814041847194e+00
7.043362701836207940e+00
7.440663307793659698e+00
5.120726575293766736e+00
5.042525441820297161e+00
8.710039624283025361e+00
8.516308980767515635e+00
4.528996210501997410e+00
7.069053732208754326e+00
6.365046002840018424e+00
5.009056993260077917e+00
6.793737602509123619e+00
8.915719573311664092e+00
4.508298885356285979e+00
8.185773332523593737e+00
7.238622859800893927e+00
8.498140329612750676e+00
1.134353027443231987e+01
9.558557258014188207e+00
1.102963845140551058e+01
1.053524591438291580e+01
8.996242069908690908e+00
1.236209497259370416e+01
1.450417435411807787e+01
1.318911789112479838e+01
1.180395794920215202e+01
1.107133381760830027e+01
1.364628639065597504e+01
1.216030482211978736e+01
1.082249196060139518e+01
1.361551004814099741e+01
1.316491579986037053e+01
1.288601029021020494e+01
1.635968932112236729e+01
1.607013042164360428e+01
1.494614481646367210e+01
1.291936024728437715e+01
1.309972313622708207e+01
1.720631324720878652e+01
1.466539567289101420e+01
1.618551224631938013e+01
1.577806364202273315e+01
1.567794514317806609e+01
1.360970018975738505e+01
1.494382367575395953e+01
1.152180526666629135e+01
1.209403409621468128e+01
1.027847174636940508e+01
1.410311443186494529e+01
1.444341611841669959e+01
1.449150708634939377e+01
1.548820453875398506e+01
1.090344293075798987e+01
1.316118617813178915e+01
1.313352539254374030e+01
1.334678042039856294e+01
1.274804342445310112e+01
1.200228879461106324e+01
1.334668877662018893e+01
1.185660183938922252e+01
1.073492811286745230e+01
9.288521271963853465e+00
1.019749396594590074e+01
1.219127896621099261e+01
1.053586394575507512e+01
9.819418308946042728e+00
1.129865476101064559e+01
9.600548294799176929e+00
7.669386943877030127e+00
1.146949768999374974e+01
9.505460151730943608e+00
9.731319598487578659e+00
9.775990457744164530e+00
8.275651337619995829e+00
8.345155919735246286e+00
9.876592813989590880e+00
6.764343326451625060e+00
9.507305625890793976e+00
8.561466616264953089e+00
4.893966304635704034e+00
7.697049038122785625e+00
7.979465530825367026e+00
6.680984926871948559e+00
6.764988091611741083e+00
5.069868259047583869e+00
4.943754941554297844e+00
7.346581293692658221e+00
5.433680660725279665e+00
5.355719360953461461e+00
6.834767947723628723e+00
6.125247977025627399e+00
5.200186327860182089e+00
7.029295862880905688e+00
4.500380933177679843e+00
6.324745003598915893e+00
5.304734499308457529e+00
5.334175132382077855e+00
7.189073769003729630e+00
4.334021284452096445e+00
4.854130206249745783e+00
4.729399984882559416e+00
3.981870589445940745e+00
4.769889938936178631e+00
6.921293804433141794e+00
5.254494564373463739e+00
3.081130947927541719e+00
5.220244545659497248e+00
5.021288711128952365e+00
1.492360630636069274e+00
4.588024570655752754e+00
3.218652755406768762e+00
4.901671286394224225e+00
3.249134653703035891e+00
4.849745916832027604e+00
3.480715265993503227e+00
4.100082644988034097e+00
3.343959132023051506e+00
2.466152347926993116e+00
2.872712674984917225e+00
2.944360269206966585e+00
3.705661387205951396e+00
3.685507347948974388e+00
2.004152910048928149e+00
2.651408541777253713e+00
2.738135341983520377e+00
2.368868226602541149e+00
5.196103644837786639e+00
2.316008413311062331e+00
7.564398565009764486e-01
4.093825479629328967e+00
4.374234686614302703e+00
2.982742812868932170e+00
6.457485846598240542e+00
2.709085548965775470e+00
4.262644175582580353e+00
2.125489739074206685e+00
1.103300385927464600e+00
3.139855271956720095e+00
2.909114666675293392e+00
3.108773752115038924e+00
2.821491996861149154e+00
4.707597022102585349e+00
2.666253671170877304e+00
8.846228126568600469e-01
2.989576089064149400e+00
4.042103675910548866e+00
2.995967441439957746e+00
4.059019254296218016e+00
1.445296135213332889e+00
3.117508613854232280e+00
2.906378829098993588e+00
2.857143972158307843e+00
3.666565525990443941e+00
1.534619672467365081e+00
3.020595103358942879e+00
2.410341446393844400e+00
3.034868913582586814e+00
1.975075718459405216e+00
1.695854216125226577e+00
2.599174826349733181e+00
2.295022277814984690e+00
4.283328917652349688e+00
1.725209476542004072e+00
1.176917146987519036e+00
2.203856684095500285e+00
1.954934798082307079e+00
1.958104036296834716e+00
2.658184470584307846e+00
3.762692459075192009e+00
2.433207476445748974e+00
2.622738698223751275e+00
7.408683623251064443e-01
1.966419096374507625e+00
1.125013956651798708e+00
2.289505431419744497e+00
2.598691269080122268e+00
9.568618457087275653e-01
-1.539528840766628770e+00
1.700220541803951546e+00
-9.475999870103939127e-02
2.392313052656433126e+00
5.295407792026453064e-01
2.520107480162812608e-01
1.193243644285361560e+00
2.495123966016363326e+00
1.569830619210340172e+00
3.684922958306730667e+00
2.635218375126665791e+00
3.052032247401962106e+00
2.812659746611181344e+00
2.496181405448818946e+00
1.219377992703408520e+00
-4.775678699536533567e-01
1.099553950811388736e+00
2.555137766645612540e+00
1.876932919387845011e+00
7.311167954627090237e-01
-5.034110395398113669e-01
2.146696974581967066e+00
2.251769620877532407e+00
2.457176141636804534e+00
1.333512026987589083e+00
1.288933520575204161e+00
2.129968073313683430e+00
1.215505929211642799e+00
3.373211078477259317e+00
3.963601345265521658e+00
2.073566289108998095e+00
1.088692074014816491e+00
2.588415102819226821e+00
3.287946695189463586e+00
3.330013575605253351e+00
1.951814023393220632e+00
2.762157653580531225e+00
3.574842131203895157e+00
3.515695547297486012e+00
3.879949595022370357e+00
3.290228944941226530e+00
4.691960878446296945e+00
4.566648681244579677e+00
4.311680677785090232e+00
1.596649309470888678e+00
2.799986599930539111e+00
3.395434808354929501e+00
5.848510678166818799e+00
5.162406095379165727e+00
3.263609730598267866e+00
3.549055774236424377e+00
4.822029853786971465e+00
2.847285319883751331e+00
3.905946837270753758e+00
3.625721514669393297e+00
3.545123723852315223e+00
5.091398397503033912e+00
5.739198258332717906e+00
4.362621039034739745e+00
5.686289382326234154e+00
4.749748920929039997e+00
3.463223648576257752e+00
2.667008587339934955e+00
2.422409670487327471e+00
2.457146214427976538e+00
3.696354953110414066e+00
3.435659584332747318e+00
5.526508362701546773e+00
5.065367908779369266e+00
4.363053578223629714e+00
4.485729524967648985e+00
5.830484125133527762e+00
3.724126527771583373e+00
3.713728832836424854e+00
6.309684629563235170e+00
3.568766146296845854e+00
5.602732608822099891e+00
6.433586124179552890e+00
8.685146763971159700e+00
6.771770432805118922e+00
8.077094145123407287e+00
6.144986526562168372e+00
6.453390847257738372e+00
7.716799601723988822e+00
1.036283593711505446e+01
9.255683897783949732e+00
7.436744227528185647e+00
7.985297368234755666e+00
7.780705149730470005e+00
9.338884357012529946e+00
8.042084493535943679e+00
8.527101896204843712e+00
8.220069147746427163e+00
8.084893988129126186e+00
8.386168582756420520e+00
7.382241159635807293e+00
6.546430343015515518e+00
8.325126827404915275e+00
1.008117589755474519e+01
8.369635600870376280e+00
1.082382940661661763e+01
7.567616677872358366e+00
7.469802153422504531e+00
1.024996919391088390e+01
5.317469230008025960e+00
1.001949479085591044e+01
8.113565614367214351e+00
1.017676319428582765e+01
9.537017184661678471e+00
8.146713227223195020e+00
5.788477211715426840e+00
7.000157981943681662e+00
6.903426235775659947e+00
7.840675941070220034e+00
1.012191135982410550e+01
8.464071136774533599e+00
8.007954325356177350e+00
8.019751816175562098e+00
5.960034234422797006e+00
6.273690462422542247e+00
7.082633490338373861e+00
8.497287376141693827e+00
7.936630381545506374e+00
6.654011218670274452e+00
6.204309662999992980e+00
4.010163644563981222e+00
6.614788166720895646e+00
5.043792533557683200e+00
5.327356956566649870e+00
4.462391853654134266e+00
4.497183171567475490e+00
8.259582356589115548e+00
5.109871320448081455e+00
4.423441706479628088e+00
5.750575884891852674e+00
4.423127679063116879e+00
4.376573247501837294e+00
5.689744857531293221e+00
3.451110924592854179e+00
2.839790061536054733e+00
3.342091980186321365e+00
2.698764987302054941e+00
2.990114430660225864e+00
1.174592971751078796e+00
2.254482709523220496e+00
3.609099607105770158e+00
3.163891654482927862e+00
3.623527467573256278e+00
5.475834317373275084e+00
2.680747273606867598e+00
2.832409400253293352e+00
1.845833560456956013e+00
2.624167708969141977e+00
3.872910748913082735e+00
3.350141683836894924e+00
1.613725404094630056e+00
1.952604511933365705e+00
2.467690429840937671e+00
2.561657251376530997e+00
2.538164844421011868e+00
4.691909639672700583e-01
2.103787367033400191e+00
1.558802076534815839e+00
2.955698257285840569e+00
2.868012713698890437e+00
1.953005200360481641e+00
2.570849960123759992e+00
-1.076514040924563709e+00
1.187928253777209120e+00
2.337582072032063252e+00
2.280286687046616745e+00
7.874803863201660370e-01
2.264476875606926232e+00
-2.649418993933497571e-02
1.738053017805907707e+00
1.528591272847672711e+00
1.909066428442134589e+00
3.627458111652770989e-01
2.552420876409508210e+00
2.730131980151308202e+00
7.785051339524989844e-01
1.064352266799789781e+00
2.800787952050059482e-01
1.438026707805365900e+00
1.499614302877462446e+00
1.540484166858373527e+00
2.231795584952290579e+00
1.650385156743658932e+00
3.785653722476575167e-01
-2.331787733707277432e+00
-1.172074638349865028e+00
2.923241762587839521e+00
1.458366276614169177e+00
7.997699927393658870e-01
1.695797303404982248e+00
2.246339568234623219e+00
4.651090318509244481e-01
6.144972316083147090e-01
-4.823139748519145176e-01
3.671715182797737342e-01
-2.516592457208352562e-01
-5.324405211698009753e-03
4.960145065870638637e-01
5.827356919792331391e-01
-3.024895872799245877e-01
1.619541173319378191e-01
-2.443191503832837508e-01
-5.183697691445842137e-01
-1.370713016445080479e+00
7.123227968300246404e-01
-7.489949185914069885e-01
1.408902156446228404e-01
-2.190302687552263816e-01
-3.088138798088739811e-01
1.060270058822205819e+00
1.334382981098768406e+00
1.545651701156076918e-01
1.350146394644700765e+00
1.952543512474436804e+00
-3.487392863855047209e-01
7.818715450902951059e-01
8.741980489530302156e-01
1.640499093678487563e+00
1.204235934716653134e+00
2.753268320441085937e+00
5.207339625651489223e-01
-7.440426282773285882e-01
1.292249637516077021e+00
1.628696831901802478e+00
-3.282373771947834640e-01
1.919204679566942628e+00
-2.641450055735557884e-02
4.479717006006954660e-01
1.021587434806164874e+00
-1.591358756800144436e-01
5.837484181858378918e-01
9.472172076775392524e-01
1.771553134221106607e+00
9.492623752255896497e-01
1.169566678957598027e+00
1.616759243269065172e+00
-6.211658385556971806e-01
2.010669418368402184e+00
6.426987221715283471e-01
8.497074877657451175e-01
4.638029770585935796e-01
1.810507904811597291e+00
3.780355841945438833e+00
-6.135964005059266757e-01
1.867515132781402576e+00
1.117735087554486695e+00
-4.517776195128782313e-02
2.267969339973338272e+00
-1.840481528391533006e+00
-1.199003181490834846e+00
-5.276751094647929019e-01
-2.158120666243970309e-01
2.276047652491856310e-01
-8.564702933885903757e-01
5.606848242950666084e-01
4.260184130125724278e-01
1.727324212591737629e+00
-2.411629227150013932e-01
8.428922091654531545e-01
-1.097792711767231255e+00
7.391911242551986172e-01
3.974401277727411808e-01
-5.026300413710587112e-01
6.585139523055251187e-01
2.677001631083943511e+00
-5.404751494732822348e-01
7.484235090122650647e-01
-6.689453403618870198e-01
8.049858365931354953e-01
-1.805962141529419696e-01
-6.349728681706876543e-01
-8.423337880165573388e-01
7.845250926908632350e-01
1.723581674250899587e+00
7.897527004297737185e-02
-1.123195388116863952e-01
-2.382995681199540083e-01
2.859158123258602191e-01
-5.502793048070085957e-01
1.705641601733196705e-02
1.404427963385864953e+00
-2.638872498397416555e-01
1.689459953734161468e+00
3.684319762678142096e-01
-1.052653268067612835e+00
2.750916981049542631e-01
7.866527570988747498e-02
5.397826752477487000e-01
1.853064981605548445e+00
-1.532624361558096171e-01
1.233000406471028043e+00
1.036156607099446791e+00
8.682278850783099466e-01
1.513239884064249585e+00
1.106663441001865644e+00
2.367092590837029054e+00
2.128963287758331546e+00
-1.293922481051773266e-01
-7.306529578588606411e-01
2.744527518348564010e-01
-2.075202295517270534e-01
-3.022021198393595176e-01
-1.588157997497719465e-01
-8.482137333451722494e-01
-7.343635113237244605e-01
1.328042571694040941e+00
9.549278370361439228e-01
-1.032064216199336526e+00
-1.630500011209846445e+00
1.481754299176689438e+00
2.787449469823060078e-01
8.214436341621900173e-02
9.009417771884130621e-01
5.940896366803855022e-01
1.095917479404818318e+00
4.788269086861503543e-01
8.868546456617887319e-01
-5.705332632860546926e-01
-2.087319359964933674e-01
9.942375061800997615e-01
-5.447703177731781921e-01
1.029929093873345858e+00
-4.341593985803935407e-01
-2.525565748226387200e-02
1.417595876413018541e+00
3.572241050427427678e-01
-1.109900192929011320e+00
1.512603526949592991e+00
2.407330525354249018e-01
7.335996862610741909e-01
-1.367726846986510703e+00
2.829332692621619572e+00
7.586363920985023102e-01
-3.951417094491675996e-01
1.578465158789511102e+00
1.399437778650116426e+00
1.774064579434762312e-01
9.948643338283273685e-02
1.722925305824565545e-01
-1.505318100680272275e+00
4.414381530228970729e-01
2.515117147032952971e+00
-3.117619900669773569e-01
1.543798279867792500e+00
-1.836355785776656591e+00
9.035955399048256620e-01
-2.901227787309403339e-01
2.534010280802660442e-01
-6.908164784174483097e-01
-1.100053715377462327e+00
1.794730511889866653e+00
6.172732940386318479e-01
1.094674099928995420e-01
1.111561884424276947e-01
-6.704492641596222768e-02
7.437588685410144729e-01
-1.955229694851294386e+00
-1.657398612150758621e-01
-1.266646025550380417e+00
3.169319041832388550e-01
-1.962434772320031051e+00
1.579411822184376035e+00
1.909778357889361899e+00
1.673484545099586551e+00
-7.338157218221379452e-01
-8.275329093701457861e-01
1.448954908693276700e+00
-4.579613518948431605e-01
-1.357418761501639537e+00
5.249355739939227244e-02
1.598007382103674434e+00
1.395369789717641140e+00
-1.642337601437024452e-02
-9.005267315153318020e-01
5.794580868948131513e-01
-5.353627177675868154e-01
-2.026077492945159431e-02
1.427284970498340133e+00
7.630878812989509985e-01
-5.154738791557186145e-02
-9.463861008076614525e-03
-3.353052349901752271e-01
2.933306097201673346e-01
-9.809821095405285574e-01
-2.430453959134289132e-01
2.617228403777207002e-01
-2.823787611100250783e-01
-1.026145730948715834e-01
-2.168153826526701522e+00
5.612746361383376126e-01
4.506696935191394360e-01
-3.196401987736947059e-01
5.095616693009594744e-01
6.273619350248179627e-01
1.765745312239160036e-02
-3.710293919718068989e-01
-2.569806880686035022e+00
-7.816870978480071619e-01
1.338959505642287384e+00
1.412974298178857058e-01
-1.038477788813033209e+00
-1.898133020954993810e+00
4.878334591077356786e-01
1.300028052483412633e-01
-3.135153660422319022e-01
1.181409193891185261e+00
-3.119814366449885079e-01
-4.340643967139273252e-01
6.707745238983693348e-01
-2.304875910996454502e-01
1.374627463568617980e+00
8.791599259056226412e-01
-2.561989631396519584e+00
1.264628578224483268e+00
3.653828206539863621e-01
-5.805738534144669893e-01
3.874476001406093051e-01
-3.678293464842596894e-01
3.056323339476036544e-02
-7.553789542752502584e-01
1.093667076630355339e+00
-3.845656781543926872e-01
1.689009346322882577e+00
-1.202092285374472436e+00
1.040460151617984330e+00
-2.233047105697652246e-01
-3.154852040890980258e-01
-5.551792132679100877e-01
-6.403755717198911235e-01
5.683227884234606231e-01
-4.785079530467830078e-01
-3.063957648015330215e-01
8.119028328099405778e-01
7.519525923067340578e-01
-1.034923024334256425e+00
2.397681716147380460e+00
-8.266983132999667153e-03
-4.967297882235992001e-01
-5.125604696841248309e-01
-2.612390361549992157e-01
3.202437909110127934e-01
-9.566002113120486428e-01
3.628110670023370066e-01
7.885538939367577882e-01
