1.943125432489952731e-01
-1.726683762250506460e+00
-9.298396571848885350e-02
4.602068552097722254e-01
-2.244893604251009922e+00
-9.457640268642436565e-01
4.522355592725412210e-01
-1.330756043679219625e+00
-1.085224084430349123e+00
-4.705398312419558637e-01
-4.090040834607253095e-01
1.350934299507535741e-01
2.837976920159929861e+00
1.707995565495475265e+00
-2.863041399452804781e-01
-1.287017865331010036e+00
-2.609445817038873461e-01
2.945267766571030066e+00
4.971459902089510607e-01
-2.504560845461141216e-01
-9.786269068396412640e-01
-5.309208953434657596e-01
2.387927161096770945e+00
3.542620234507288801e-01
6.986602080460484476e-01
2.115986777940566554e+00
1.807005064181642917e-01
8.767408197808007619e-01
4.183201988617747946e-01
2.623921864068454735e-01
2.307101917854416762e+00
1.408466062267502261e+00
2.382666785749948613e+00
1.086161074451936104e+00
-2.377380985353502396e+00
8.462693601245675767e-02
-1.211406873547822949e+00
5.836054809445292424e-01
3.724750554456383034e-01
-4.058661434965663561e-01
-7.474333372616279725e-01
-5.847272726767718254e-01
6.699292227075523964e-01
1.578739248721801269e+00
1.856950406649546803e-01
-8.128676994133144929e-01
1.118303812128104369e+00
-1.785500923555042752e+00
1.389125185781052929e+00
2.358429224320313655e-01
6.049675245073544705e-01
-1.008747000995927401e+00
2.575404815388548485e+00
2.222396320227695288e+00
-1.909444925683080954e-02
1.324414929808607866e+00
1.015299829298817347e+00
9.945916237760517031e-01
-9.665984941516625462e-01
4.540819995777721219e-01
1.293153181864957757e+00
7.018871885681594591e-01
-2.140407110240155841e+00
5.789017795280768652e-01
-9.459087270968022931e-01
1.513307374731684418e-01
4.088252034992441164e-01
-9.609344626219884500e-01
6.278452011327948501e-01
5.466221460393740905e-01
4.512419812972067179e-01
6.214882263529477591e-01
1.194946785022950264e+00
-8.319177781558511064e-01
1.823176568592839164e+00
5.792432249784624787e-01
1.247073973961041249e+00
1.505505809988871568e-01
2.593360874954282913e+00
-2.327032048723830793e-01
-5.522801052946941791e-01
-1.371708108960273842e+00
-1.107346501744218337e+00
-2.681846458742733752e-01
-1.958801020669417969e+00
-1.046435105174177149e+00
4.653083605875910772e-02
-3.977400408479034311e-01
5.898303533451724201e-01
2.234979825259595376e+00
-3.239852773283879439e-01
1.540126737022856351e-01
1.379463270977923983e+00
-6.401848921114062785e-01
4.556736400579159407e-01
2.581111051456047578e-01
2.559529509194950148e+00
1.695163698272651454e+00
3.335644113792213261e-01
6.067845247333074621e-01
-1.749364531701946612e+00
-1.181661722290426431e+00
-3.201101640457076902e-01
3.129149708197831448e-02
-1.226484317798884671e+00
1.985012917161682822e+00
8.036179107709355840e-01
-1.734673491264169920e+00
-4.832111415762379014e-01
2.719030852822158506e-01
1.262098797653303128e+00
9.466821063507333545e-01
1.375899164959667020e+00
-2.914347309221529403e-01
3.710518748750608609e+00
-8.059091856553265987e-02
-9.846947703574899791e-01
-8.708842803215808281e-01
9.535535398387616768e-01
-1.003998214044137693e+00
7.247851796899844601e-01
2.645078273596181084e+00
-2.332078682330024078e-01
7.487684337890491149e-01
9.972243281402513038e-01
-5.196646346898447372e-02
8.302764494666013961e-01
8.917395601023682117e-01
-1.938985973318203479e-02
4.565108592181127967e-01
-4.447949572628521198e-01
1.499002944211053956e+00
2.151836268884426584e+00
-2.114176914089642145e-01
1.728589305128337195e+00
-1.077729174151518671e-01
-1.136013583412235795e+00
9.402215706368434178e-01
7.758425058799608420e-01
3.026066815519613540e-01
2.178338957498439921e-01
1.642636250357723648e+00
-4.269425234571530003e-01
6.018924552035589404e-01
-1.413964792839456364e-01
5.604561025259325868e-01
-1.333164900105007655e+00
-6.439882150496903934e-01
-1.607028646391466253e+00
1.815673131548496966e-01
1.198737932512324411e+00
2.141332905210729110e-01
-4.744923704733543524e-01
1.027011011746488123e+00
-1.386360658939226331e-01
-1.011382208706676167e+00
2.432523805421220597e-01
1.041817345495851033e+00
1.817012304265656297e+00
4.879467084693989709e-01
1.529052200859985389e+00
-6.026418224689604752e-01
-2.915631262374485666e-01
1.305649716363557200e+00
-1.315705533281679829e+00
1.234136590111039045e+00
-1.068247425297157854e-01
3.734954151237231956e-01
-3.416776078365489355e-01
1.608914352600272268e+00
-1.746411774897026925e+00
2.555378631158565561e+00
1.761692056129158690e+00
-1.994256589429294513e+00
1.518037243587470497e+00
7.669482289068921821e-01
6.376172450734537422e-01
1.362397839577013547e+00
-1.915740166181676418e-01
3.024619172228195207e+00
1.814205938994465805e+00
-4.668581670192588073e-01
3.296318096068241721e-02
5.996029584164401793e-01
2.786392318464630868e+00
1.957437916863896954e-01
2.351193648584632534e+00
1.226586965874332691e+00
1.526385114617052619e+00
3.579101132509516781e-01
9.817783745294437203e-01
2.862108188444443257e-01
-1.103362674579969616e+00
-6.695316831035925675e-01
9.115278175819993001e-01
-6.986863485982521826e-01
4.270597564667659718e-01
-2.053127999938394677e+00
3.762509067063624091e-01
1.022556539108040008e+00
6.491691147894244063e-01
-1.355678160357672857e-01
-2.533699591410217000e-02
6.958980222527481052e-01
1.450591675501508027e+00
-3.526776910671505227e-01
6.408290282711965880e-01
1.769676101351704611e+00
-6.388154598912197946e-01
2.001395631074554426e+00
-2.654727213773702132e-01
1.321417582727419271e+00
1.457712954089370294e+00
9.345464408426901182e-01
1.572376669051925191e+00
-1.106401994649682585e+00
-6.769349278674435810e-02
3.021719526588026561e+00
4.246622200870388553e-01
8.161276072679254368e-01
-1.063136882353498194e-02
1.819898881293825932e+00
7.607336955276424728e-01
9.106442189358974204e-01
-3.165204326214259289e-01
1.248668861258348084e+00
-1.407242658643562239e+00
1.468023440918764466e+00
1.527742501874202352e+00
1.322534141820861375e+00
2.040122893089471035e+00
5.648153666090497405e-01
-2.366916167879800081e-01
-9.806218930332678829e-02
2.009310008803122383e+00
6.769683582517441733e-01
2.695816631504873495e+00
7.918765495378808916e-01
4.200299734850652111e-01
8.118815911394243745e-01
9.267105203552848947e-01
9.453157037229931170e-01
6.263032947568399900e-01
5.967580601054486289e-01
2.566923785460737406e-01
1.157885656598604429e+00
2.023764504030173939e+00
9.818525897712983008e-01
1.991375033417356999e+00
1.080207897586948768e-01
9.594278772798596755e-01
1.402217817012558099e+00
9.686190855142634559e-01
7.363455511164308520e-01
1.635719854027678499e+00
1.316431550019741437e+00
-8.851028001582111893e-02
-1.165290409395536818e-02
-2.369086018618319911e-01
2.937608208279992805e+00
1.013602887405088637e+00
2.522442822448723643e+00
1.972319694395805900e+00
-6.197435644936863941e-01
3.802542061676374541e+00
7.048722970520794329e-01
1.730319590163126753e+00
9.010593600869402087e-01
1.558587525364816928e+00
1.809905100886377127e+00
1.277289575218205409e+00
2.060622004208063629e+00
2.614856035868196926e+00
2.202465525856974082e+00
2.217865164829112778e+00
3.668547905273178866e+00
2.205857859592740500e+00
1.409431564637420475e+00
2.436973539640124642e+00
2.211892486040926808e+00
1.150707113228413236e+00
1.471474849235508087e+00
2.208530105150559031e+00
2.218401314554904857e+00
2.875254118961487304e+00
3.162115276572420974e+00
3.319941234731097257e+00
1.687429773602977967e+00
2.798291180264601774e+00
1.415101287819857001e+00
-1.271447107256770404e-01
1.118449539802810255e+00
3.795525785526954632e+00
3.905216976843139509e+00
3.027134836141752938e+00
2.432893326890269936e+00
3.940239100661894422e+00
2.655427913592764977e+00
6.098732659281079771e-01
-6.773147776055167268e-01
3.658072341699577290e+00
2.733564959205271094e+00
1.325275233688918641e+00
1.933823842934156767e+00
1.998918332703144118e+00
2.191216694898840078e+00
2.544981259858033695e+00
2.838037594397477381e+00
7.056678687246209503e-01
2.852501269608406886e+00
3.002316544906800999e+00
4.391597689368489377e+00
3.101866100505864754e+00
3.526080176425569146e+00
4.228323770161418693e+00
4.814512974669285517e-02
4.563342264022466566e+00
3.128595232969630935e+00
4.718532187925309707e+00
3.255152012312249710e+00
4.612686769888786564e+00
5.262474315833359562e+00
3.926045706266863000e+00
1.668276400947424465e+00
4.226338818735018599e+00
4.688863936132473320e+00
4.283764388678104496e+00
4.763952830342168987e+00
5.755572049866282569e+00
4.119804693917951788e+00
5.176764650066142615e+00
5.274203214788545147e+00
6.885233216209215357e+00
6.437157642312897998e+00
5.286401456325766191e+00
6.593095556899948306e+00
7.328839851683814466e+00
5.773651620488182701e+00
7.532831610046506476e+00
6.164247407888931107e+00
7.210478236520966533e+00
9.113961674527342183e+00
7.997206965635179188e+00
9.234765670168631146e+00
7.858359275642952113e+00
8.079241044370901292e+00
6.874087659858467703e+00
8.107052256078615571e+00
9.191965857609345036e+00
1.073035881832840488e+01
1.059311702551478795e+01
1.154753036518693143e+01
1.356667631018859232e+01
1.304975156340260689e+01
1.001215168909546627e+01
1.121899003289542662e+01
1.308533251538718112e+01
1.286617637415756299e+01
1.411457746880599728e+01
1.255443322289181118e+01
1.328921138222086284e+01
1.481409274695142564e+01
1.345680761249244561e+01
1.239504899228724710e+01
1.458866601267022567e+01
1.477629882467469180e+01
1.390300092999181736e+01
1.697703276350230794e+01
1.634367048015157309e+01
1.694746405005970757e+01
1.528406942294081539e+01
1.723922315387789084e+01
1.861856037770432337e+01
2.059636586533646962e+01
1.998848824862527707e+01
1.787166847064876762e+01
1.891211459220698288e+01
2.192185235783346542e+01
2.013376445129628323e+01
2.102042805635282718e+01
2.027192544125555074e+01
2.042709873018749889e+01
2.283007694804208398e+01
2.267675906385110096e+01
2.122873945088367265e+01
2.213306786263366277e+01
2.283222348936314816e+01
2.360282977314407660e+01
2.122245731372330368e+01
2.181291576800627041e+01
2.120816007974334383e+01
2.215426037390285785e+01
2.111492074618439574e+01
2.100689441284617942e+01
2.256719786331415989e+01
1.949472117089280587e+01
2.022856890102083227e+01
1.860242115669110419e+01
2.084610440862755709e+01
2.045710653540864854e+01
1.820801406881522055e+01
1.874770105644711293e+01
1.713917007193866127e+01
1.811459250738469962e+01
1.605438318716421620e+01
1.791877194382488270e+01
1.635078088558849174e+01
1.731170844198651437e+01
1.567209097728677669e+01
1.845740631421618971e+01
1.776543352607807691e+01
1.639329725576712349e+01
1.833026296788297671e+01
1.757848511282067605e+01
1.683024197056348470e+01
1.614673312368270430e+01
1.672168431726905169e+01
1.604009431297378185e+01
1.652120890358980887e+01
1.594714371976624001e+01
1.787144354407221769e+01
1.726786592166318357e+01
1.557771079519048385e+01
1.627371909355739277e+01
1.455184961385468156e+01
1.640001705777787322e+01
1.496232734537095865e+01
1.744408926365616708e+01
1.638913629072633071e+01
1.901773324144021871e+01
1.591675925209950293e+01
1.644435522927740578e+01
1.667006648723300088e+01
1.680878774788407171e+01
1.857610204779876995e+01
1.670923024509778188e+01
1.721737065604218486e+01
1.714172758617970160e+01
1.638096753868621391e+01
1.803451036857647694e+01
1.809139625868421319e+01
1.769138038611474784e+01
1.884142870050568774e+01
1.893730219171754925e+01
1.887495285597769268e+01
1.814745131124841748e+01
2.066704619304616841e+01
2.112756175062213870e+01
1.969101209087751414e+01
2.022317920539599356e+01
2.220074795151417746e+01
2.222797401191441224e+01
2.389864782357895834e+01
2.194853413994683322e+01
2.262646129656268812e+01
2.297618857128545145e+01
2.429592843793696133e+01
2.528365384594470910e+01
2.562213590780033456e+01
2.546642302318622342e+01
2.763171626143939363e+01
2.723170871851777264e+01
2.483754053303125175e+01
2.698794791078186961e+01
2.277332293658787776e+01
2.570632965904367140e+01
2.387274085629260512e+01
2.595400821050863627e+01
2.525254867319586083e+01
2.407074053197344909e+01
2.576482144866963253e+01
2.671158994991346702e+01
2.645079960926105045e+01
2.848207861435180988e+01
3.192827505803562005e+01
3.086709545212999828e+01
3.277307386207017714e+01
3.070938983456467497e+01
2.903424886120420467e+01
2.785568395504526151e+01
2.681241062860541646e+01
2.367508482298174854e+01
2.336343251198721660e+01
2.252827554430915313e+01
2.010054163296602425e+01
1.905204331486847735e+01
2.060310712757274132e+01
1.658174295492711181e+01
1.866142998160110622e+01
1.532226620000574435e+01
1.704645355209219204e+01
1.506109778547176248e+01
1.545430535213992229e+01
1.582547674229971335e+01
1.586323966408064834e+01
1.504491460645757606e+01
1.531496870823541556e+01
1.300085854953817410e+01
1.284532401561691373e+01
1.200385139362463249e+01
1.411173429227306642e+01
1.418524141696148533e+01
1.327350202271418667e+01
1.252032469490421107e+01
1.372270119853724069e+01
1.058313802857560226e+01
1.324430220197936947e+01
1.399087128171821170e+01
1.342940459954585286e+01
1.527419896727899840e+01
1.212948278317482931e+01
1.346920317437879255e+01
1.211088868920032624e+01
1.216222241590754649e+01
1.260880732363146173e+01
1.385012542971350236e+01
1.213515043737082699e+01
1.080297745288871525e+01
1.318027675975257473e+01
1.223547762600897748e+01
1.195911729185271888e+01
1.132698559509807090e+01
9.880342454006358466e+00
1.075538000403397376e+01
9.990094616590862842e+00
1.140313492259787331e+01
1.253897658703342621e+01
1.041819690657021269e+01
1.229923515049651783e+01
1.011174810355909237e+01
1.044190957561517230e+01
1.151903890562423349e+01
1.245591886932429126e+01
1.001615968863884021e+01
1.213991944543310986e+01
1.038620593995270447e+01
1.051123817732253229e+01
1.294379612220333620e+01
1.204758176858408092e+01
1.168195074178307635e+01
1.330925736583732366e+01
1.223805513471822692e+01
1.038862431010448617e+01
1.268392824788315032e+01
1.086644402163730661e+01
1.254465443773928435e+01
1.278289443868581898e+01
1.218259181636764765e+01
1.314067974619177548e+01
1.269548161431616684e+01
1.181199590614061457e+01
1.172386815006061767e+01
1.397480095408328715e+01
1.267225327143212610e+01
1.284610977961003364e+01
1.321353438740103670e+01
1.241061022851137174e+01
1.242520105460564395e+01
1.384392595316902330e+01
1.460926705470089182e+01
1.333552214984191941e+01
1.507460502299714022e+01
1.562760470378091604e+01
1.330448829006125244e+01
1.395345033108098676e+01
1.387209853891437739e+01
1.554264525640744310e+01
1.492674597657823909e+01
1.464609704829483050e+01
1.366815981956110626e+01
1.375315469515209443e+01
1.392737597498783764e+01
1.340111513498494844e+01
1.498816021040351387e+01
1.446527130111944004e+01
1.367044635128694097e+01
1.293361882463856993e+01
1.524079729209872092e+01
1.262052207730291720e+01
1.314213998279904239e+01
1.352425905111730131e+01
1.153768139564505546e+01
1.170432767758147463e+01
1.214225199472595484e+01
1.225014789787985414e+01
1.027846110331729790e+01
1.172006763827887177e+01
9.939289049264544929e+00
1.319032357289275836e+01
1.005833950274310418e+01
9.000964901537464868e+00
8.863058970148156135e+00
1.064023872576285079e+01
1.023628013024401717e+01
1.012606479544286486e+01
9.535253675106934779e+00
8.397921401926092599e+00
1.140076202639528979e+01
1.130054468094352771e+01
8.964784302022588136e+00
9.165765074079024188e+00
9.157518981719666940e+00
8.685932057801643680e+00
9.091700240232906793e+00
8.674161341762648192e+00
9.450473248569744911e+00
9.721633734165848750e+00
8.882735327004390058e+00
7.373099696326399943e+00
9.081696516692424836e+00
8.317991065445768939e+00
7.852357784508422256e+00
8.557154215430841759e+00
7.035890846891647676e+00
7.649196140658510501e+00
7.936357985521676817e+00
8.720356727920091089e+00
6.308805356033547085e+00
7.737070427281174112e+00
6.962985966780532721e+00
7.221680957312493376e+00
7.942852315571181876e+00
5.830065419621537792e+00
9.571139306094119448e+00
8.827040654365058359e+00
8.272411813325961205e+00
9.155949400690241546e+00
7.559239803617544773e+00
8.226746074754533566e+00
8.773201076847817248e+00
9.786977896817452560e+00
1.008049509814802747e+01
7.001813888586887913e+00
8.708474590530087767e+00
9.864132650949386516e+00
1.035611572002096992e+01
1.057972466961781777e+01
1.123796674063431844e+01
9.606244791071830491e+00
8.691474153245700052e+00
8.256727169233828434e+00
1.024029879656220388e+01
1.020386917977610075e+01
7.964915292036788053e+00
9.529723242191726840e+00
1.017484941417335165e+01
9.353943620874536791e+00
1.066914114484953657e+01
9.066856909715205859e+00
1.032493220185777894e+01
1.053663039856760264e+01
1.274825837054456734e+01
1.056483239229432236e+01
1.214556212896911269e+01
1.078554430333592684e+01
1.097083818171700820e+01
1.061597208752325905e+01
1.092401864329214511e+01
1.313196844015935483e+01
1.192265657963207204e+01
1.225068680574438496e+01
9.233941645940852538e+00
1.018095327744736345e+01
1.189424654634639822e+01
1.470000066561854268e+01
1.083827247474614985e+01
1.346332176459477914e+01
1.148578899108684759e+01
1.019034323667033881e+01
1.247103108996359211e+01
1.110339001144996374e+01
1.250430564623647989e+01
1.142224307477463618e+01
9.939332054575098496e+00
1.061508441932261526e+01
1.017073473777363191e+01
1.055589367764575215e+01
9.892369394778011582e+00
1.167242095139543956e+01
1.002982794696279178e+01
8.066738905107959212e+00
8.258078337511806311e+00
7.617586790781521344e+00
9.680580219343271509e+00
9.002932748700841259e+00
7.985879982662995147e+00
8.088475437643362298e+00
1.068247649834460766e+01
9.141249007903869739e+00
9.078619231584672988e+00
8.422740352076242942e+00
8.488843369441438469e+00
7.707664507163094925e+00
7.551871835621414952e+00
6.360404875749575915e+00
6.864781121922799656e+00
6.336919275357448811e+00
7.728315281131249215e+00
6.631798142388204198e+00
4.693563112613840183e+00
5.188269037309466647e+00
5.678126183590556764e+00
6.287237447160915593e+00
5.118200423269309240e+00
5.813480093869118903e+00
7.123097906635695864e+00
5.735973344713652722e+00
4.450683161005512645e+00
4.154830746804031527e+00
5.569046074823844172e+00
4.034325711086993671e+00
3.412746172366093234e+00
5.306631150692170173e+00
5.361295031977300063e+00
3.934959777709603923e+00
4.064806918127479740e+00
7.245050297816352014e+00
4.053574049984622008e+00
7.041974551176154229e+00
5.429624419028988846e+00
7.020836862088398078e+00
5.082738450213963866e+00
5.062792410280019695e+00
5.856584313718629531e+00
7.429341422480558954e+00
7.271755225843551607e+00
6.650092380674530013e+00
5.331499659113224432e+00
6.809642247090057943e+00
4.397558384083078309e+00
5.770612332804766709e+00
5.267037005501268965e+00
5.642970019725455977e+00
5.610586484730744061e+00
8.001375641823184282e+00
5.906587368490431089e+00
5.318260280962225472e+00
4.349871000121479092e+00
7.377909249783648704e+00
5.924151504902483545e+00
4.886533917941695115e+00
4.849991882270209942e+00
6.229619147591421324e+00
6.141013335682328211e+00
6.166171855312307493e+00
5.091237094804296426e+00
3.004776207525474696e+00
5.223167112542517643e+00
3.987356885370719528e+00
3.130989944529076308e+00
3.562075127095812643e+00
3.342184978086475411e+00
3.264131991734158689e+00
4.074291826934651084e+00
3.382085556288258577e+00
5.470614611893009460e+00
8.304186076000038552e-01
2.830236861816030736e+00
2.962665182559400812e+00
4.715803296771050590e+00
2.800795923518682340e+00
4.599855600434459291e+00
1.417822587585097160e+00
4.044549513358646209e+00
2.859944869280305557e+00
3.181255315105617321e+00
5.488385078789352889e+00
3.841446522109688289e+00
3.257855061451759404e+00
3.927958453624439628e+00
4.767615283393855208e+00
4.929775968917470053e+00
5.095414123108671589e+00
1.690195971821122356e+00
3.992124119730550813e+00
3.837135499900692359e+00
4.470321934122552854e+00
4.061532557206566807e+00
5.978384772737742381e+00
3.126248667550639571e+00
3.312238721330218905e+00
2.421253215141803139e+00
4.263690633908016281e+00
4.181597020071426307e+00
3.629221423953627124e+00
2.413584319744214834e+00
2.628685063530863175e+00
2.592644980243898001e+00
4.570023323265042237e+00
1.532293359760128038e+00
4.613707691443063474e+00
2.876697729251420199e+00
1.652259801183456167e+00
1.916048760678656704e+00
2.086251423743024525e+00
1.733403868231361278e+00
1.275690204604799982e+00
3.421979828156620052e+00
1.948292350456598765e+00
6.834827159037547561e-01
3.744169595825452834e+00
2.256720102504067071e+00
1.230548596495529612e+00
2.605038804527475715e+00
1.067223485344175771e+00
2.644257928273076264e+00
1.162163509805833383e+00
1.252885625335042219e+00
1.270746471917848064e+00
9.894794888360807228e-01
5.757465321578764117e-01
2.510826628324634324e+00
3.540360370668914070e-01
1.303432953077792167e+00
1.021379913450800148e+00
1.303597478930090814e+00
2.557828756095057887e+00
7.643544981875034505e-01
1.259826764624115469e+00
2.927834259168573983e+00
5.571018393405832159e-01
3.844222382130876525e+00
1.871503846771756407e+00
9.514151775994467153e-01
1.216438626848947990e+00
1.129048538416228542e+00
1.846597397005373287e+00
4.651825803636371881e-01
2.602560656376726733e+00
2.325815275953732719e+00
1.483049937551758068e+00
3.141003248436178286e+00
1.042425126588625739e+00
1.504316635293343474e+00
2.321551404454003542e+00
2.133890899501558192e+00
1.851797753665840762e+00
1.470553618875764412e+00
2.435840881211529307e+00
2.747314332360348388e+00
1.253798041153152854e+00
2.190724179944067096e+00
2.031321007121945410e+00
1.683710002748288082e+00
5.699890935587691443e-01
2.106207980142861924e+00
3.055352312865231568e+00
4.249197293800727193e-01
1.831717627588320019e+00
2.285358222301315134e+00
-3.313676687638707902e-02
2.786905761606893073e+00
1.098551492478756941e+00
1.708340981962817473e+00
1.498720512157127205e+00
1.554800417188407780e-01
1.672498206024818135e+00
1.447837124641754070e+00
1.585990264118372295e+00
2.479959545013815880e+00
1.760064476502712028e+00
4.080320842361052414e+00
1.069053385164129510e+00
4.269358104602787307e+00
3.480475212206519231e+00
1.597075695717145027e+00
3.370087353761333837e+00
2.003462889851284068e+00
1.742915948629591316e+00
1.971723796956696306e+00
3.322463583659395869e+00
5.273188885706339146e-01
2.432079695327058033e+00
1.529522772949965415e+00
4.888186071412744305e+00
3.547195976726949418e+00
2.243664380996822860e+00
3.664910880288866579e+00
1.693692036052473426e+00
3.312319883667473874e+00
3.445791298201944741e+00
3.786998054461668151e+00
2.624046639113839952e+00
2.848249141671993279e+00
3.716380898129734156e+00
4.044038994489958405e+00
-1.099614267436385351e+00
8.572018125119069687e-01
9.305138391816549781e-01
2.596254280880736509e+00
3.709442282798538049e+00
2.317127816765545578e+00
4.099728428137711767e+00
2.132138787312173545e+00
2.606281639143379181e+00
4.797874025429659461e+00
3.006906252592072448e+00
3.494770018744289164e+00
2.899739668900237266e+00
3.839424153457886124e+00
3.862926221452425146e+00
2.595905196618714772e+00
2.900857532500992431e+00
1.937117558949809748e+00
2.331406852061766344e+00
2.337237137764215600e+00
3.706450083721724909e+00
2.827853385849447232e+00
3.087509575975028397e+00
9.166094628567676983e-01
2.127138231859022177e+00
4.523623279416358223e+00
1.671297616890340398e+00
2.437139785005619341e+00
4.662661786890878624e+00
5.194682544383848466e-01
2.480587253696570293e+00
3.452046386661047794e+00
2.406231108932478602e+00
2.725086272833194379e+00
1.718847076955149822e+00
2.390757485047635633e+00
2.753429427625748716e+00
2.168682772670148307e+00
2.194888800294557962e-01
1.467940363430090045e+00
2.088569824298455835e+00
3.231197491181023868e-02
1.611619297248671367e+00
1.446269013420985461e+00
4.616834728577320357e-01
2.507132358942589345e+00
1.887916960508884134e+00
2.499471442317355407e+00
2.327396629241716308e+00
2.341577506492081628e+00
1.099220086349304237e+00
1.875787557724739596e+00
2.064056050193932013e+00
6.749948593825358945e-01
2.489520476083288081e+00
1.559521670688728934e+00
1.281422924202872737e+00
1.210068470288439890e+00
-6.786397542619826417e-01
2.799028942813786447e+00
2.606289042242273535e-01
-1.314795527029818389e+00
1.650935201827424814e+00
1.948874643072282087e+00
9.789482155255516682e-01
8.230844625226196865e-01
1.036889245096761281e+00
-1.755615725704883778e-01
2.004458130364612234e-01
8.093108555327105380e-01
9.335490938354225054e-01
1.664912135736202822e-02
1.252571276686036184e+00
3.885821332227991087e-01
1.101395262002271780e+00
-8.623951916950145513e-01
6.170794244937841677e-01
-3.045682720937709642e-01
-1.491754363483010215e-01
9.583018033816477210e-01
1.017913560534706940e+00
6.853672744067587086e-01
-5.455078448471938346e-01
-3.172751675858691556e-01
3.120954387653443463e-01
2.020421968613111297e+00
2.538067825424334067e+00
1.864824491921747374e+00
2.434396547997756677e-01
4.118954769490336121e-01
-7.428167216252892224e-01
-2.409297651129508056e-01
5.328429426970278104e-01
1.084366568186815982e+00
-2.392242056851308085e-01
2.063991939300996226e+00
1.097414430916316741e+00
6.771336565722558820e-01
2.972727331465193856e+00
-6.726148572541253978e-01
7.299044319518622759e-01
1.513003969235941160e+00
1.225789185719252883e+00
4.830790997748846682e-01
1.199110840690193802e+00
1.102379480247968058e+00
1.075742311775643945e+00
-2.709116359979496513e-01
-2.317857774705926743e-01
1.613223778829451671e+00
-2.795767891033494323e-01
-1.191770186302081452e-01
-2.922624493768583576e-01
1.070176924359946380e+00
