5.828813681767835986e-01
2.164277135484790338e-01
-2.049545798888442238e+00
2.918290548099088944e-01
1.233280895863890558e+00
8.319126041096716051e-01
2.389169122315668858e-01
9.430626872515793790e-01
1.646870393184438841e+00
7.024653140663955631e-01
-2.133128868763416869e-03
5.506572322999256919e-01
5.787131355841704794e-01
-1.429834095113738934e-01
-3.289816405837925339e-01
2.155866915070608070e-01
-2.854331685285664902e-02
1.008522143358023149e+00
1.128537829370342305e+00
2.375343681191627088e+00
1.896510620560559301e+00
3.469813158797868669e-01
-5.367218093162526849e-01
1.107919408205362721e+00
2.573691493840037925e-01
1.275181950645130902e-01
1.348547090010601968e-01
-7.272725532681767469e-02
1.777163765977380683e+00
-1.954266103654231715e-02
-8.351065648310719292e-01
1.703116469957644680e-02
6.201545030565625005e-01
1.983160813465267847e+00
1.143803341884112035e+00
8.562079593101500352e-01
4.302975265437642416e-01
-1.173059860107211971e+00
9.482048140470067388e-01
5.993673887077025642e-01
-4.566996912125381725e-01
4.882941372615229314e-01
1.699662319609572148e+00
3.012519318125692180e+00
6.013249605576469481e-01
6.137223902381041540e-01
-1.772094369108026257e-01
6.807509584440512018e-01
-2.315062258934867945e-01
-8.339169997034072412e-02
9.491479367224232577e-01
3.528694728044197149e-01
1.466472765867851136e+00
1.052584118719820605e+00
7.783280449792953082e-01
-6.924638936757010477e-02
5.337201723015699839e-01
-3.183366537412963410e-02
8.070040189456559876e-01
2.931144563771097999e+00
3.223251020125075805e-01
2.316314163069745635e-01
1.511265556050044978e+00
2.242656664036952296e+00
1.661663200225762305e+00
1.752704913337348458e+00
1.078959989860421853e+00
-2.002851526261973103e-01
6.537152874917009360e-01
5.065747341376306556e-01
3.599887068852667404e-01
4.410446596575325062e-02
1.554902549765203146e+00
5.582183785074519289e-01
-1.073648766573624513e+00
6.293769488460150274e-01
7.568665272733391403e-01
-4.320236581998994629e-01
2.543830595997877975e+00
4.942074149152419493e-01
1.404718730748161004e+00
5.739708834308354657e-01
-1.191330058105901230e-01
1.586663279899300116e+00
-1.645454916499237585e+00
2.511314600120938767e+00
1.203531378544693137e-01
1.400359379302278162e+00
2.679898063366522032e-01
5.384910891579667291e-01
-6.465519322268667990e-01
1.694192837216037528e+00
6.958993424886622536e-01
1.266986097878984197e+00
1.059050604994787426e+00
7.681293426823027071e-01
-4.976405741282788897e-01
5.788936912553713787e-01
1.477574066014308407e+00
-8.009294261566871631e-01
1.166933368328505471e-01
-1.320482778105546429e-01
-1.141325956552103227e+00
1.386030672903161065e+00
1.242045514540997653e+00
1.393942942746550617e+00
3.387874912978913411e+00
-5.539434583782806287e-01
-8.216257453018925572e-03
-7.604053306095158726e-01
-1.572542340897228108e+00
4.140606691978229170e-01
1.342501810924719985e+00
1.464176793540203914e+00
1.460852753139735505e+00
-1.019172262189183886e+00
1.594924860093202001e+00
1.040720133103529177e+00
8.655965331619984715e-01
-6.811814767228773215e-01
-5.104465925892823774e-01
1.459958270864145868e+00
2.514877777199319819e+00
-2.612231103495945561e-01
2.649693259351950173e-02
1.578630785659302038e+00
-2.065189682679707595e+00
6.401515217482631748e-01
1.807006283643592059e+00
3.780673459033218053e-01
3.836114594013063095e-01
6.347997322223256633e-01
1.266819865813810120e+00
1.628358571355800866e+00
-5.647460245876054219e-02
9.014911755650794056e-01
2.568271899256056034e+00
2.200178968126522250e+00
1.916767102746524287e+00
-2.743454885002241661e-01
1.842288807178478427e+00
1.425584081850979512e+00
9.604859028206768068e-01
-5.183338333233278306e-01
-4.781448509422194237e-01
6.296121086157153990e-02
2.348264646774723907e+00
5.703762424825461474e-01
-4.679529058261263641e-01
-1.723241260437750888e-01
1.941592066082807211e+00
4.443975714127539889e-01
-9.512141122427880680e-02
8.804266562410513475e-02
3.565307328465671527e-02
7.221249791257109418e-01
-1.559404280815693600e+00
8.032509224797714786e-01
2.729351373452304497e+00
1.109890710696460614e+00
5.622685252753133883e-02
-1.198369488682021311e+00
-8.440191164778737543e-01
7.449364765324700821e-01
1.434935880935477970e+00
2.897701718128614656e-01
3.678955301401391487e-01
1.703202052347854156e+00
3.823050963080538711e-01
2.259133167102069351e+00
1.382495622854754025e+00
1.166974360363332242e+00
1.295751585331764710e+00
-1.553296808111373217e-01
-2.142475868421549745e-01
2.492268157455289068e-01
2.223423043408099820e-01
5.960385907481718926e-02
-4.864471008002255736e-01
-4.752693226344179012e-01
9.244934594623660518e-01
1.632562924685135419e+00
-6.799074241384874817e-01
3.781453898548262083e-02
1.717452833109532062e-01
-5.612006589447661176e-01
-2.386369514623810917e-01
7.092636127369865706e-01
6.867293721450521415e-01
1.128467854379031632e+00
1.645862470154120683e+00
1.751960425248461961e+00
4.419321528924926024e-01
2.487118219540782327e-01
1.014757999741868338e-01
-1.158034723737064287e+00
1.289548334368487037e+00
6.778866942293659825e-01
2.124051971391141880e+00
3.150966856675354588e-01
8.755963362920002324e-02
2.284524622662142124e-01
9.923055031727830155e-02
-3.819832110765634114e-01
9.946456564862257155e-01
5.252109251333427764e-01
1.120839428314183817e+00
-1.854649863169630652e-01
1.403015795659173337e+00
1.352727284990037138e+00
1.267366577628904922e+00
-5.416526200966147453e-01
-4.134932484489312055e-01
-1.563205269221956462e+00
7.642409921569333076e-01
2.516645794910945089e+00
3.452393970651209121e-01
-6.977673228199482436e-01
-1.009293116214045272e+00
5.051882261978418720e-01
-3.100497621048241004e-01
5.635150652530466209e-01
1.892319888297715247e+00
-2.126482813191223342e-01
5.996568449473140827e-01
6.574268258720078473e-01
9.514805076002547102e-01
-3.185405102994338655e-01
1.906589129981379971e+00
-2.937914739579645662e-01
1.599705699902231751e-03
2.148096087001442722e+00
-6.456435059110088304e-01
8.163864992582494651e-01
-3.954019797506636014e-01
1.286879343668045461e+00
4.117545447471019360e-01
-5.197488797208384970e-01
1.372638405231214165e+00
3.240225706131782957e-01
-1.847399047692933061e-01
1.665670386054232122e+00
9.187464466413791664e-01
2.180528215686746485e+00
1.459046466123821828e+00
1.675609814787450746e+00
1.888174480514821507e+00
2.640775440818757591e+00
2.725807505917534623e+00
2.670604465006343631e+00
3.016162313590164956e+00
3.946697477333124926e+00
3.064626200595172101e+00
4.726342836172449324e+00
1.727111908719048960e+00
5.624701005028413192e+00
3.527765948579186350e+00
6.320240079133193412e+00
7.115022726572936662e+00
7.406959907133872534e+00
6.648218416724315460e+00
9.920760695401307672e+00
7.348067261521280535e+00
1.042532596054357441e+01
7.302253627917078660e+00
9.161511227493726039e+00
9.257517253438109606e+00
1.335353540670270611e+01
9.171910583319414556e+00
1.084961557973438495e+01
1.107767039670554432e+01
1.178149866595412831e+01
1.253735966098855847e+01
9.506416748832803520e+00
1.133213649936095457e+01
1.408207197529834787e+01
1.232723272246574453e+01
1.096355382753630892e+01
1.219904989713903376e+01
1.236766003680645554e+01
1.162916017433160221e+01
1.443557500657229653e+01
1.448793305362236339e+01
1.389600947533898179e+01
1.123807957548942227e+01
1.574088095783413088e+01
1.461766529917117197e+01
1.386098807407346456e+01
1.576504663408031703e+01
1.648277257648358685e+01
1.257479173772190428e+01
1.499844580468857558e+01
1.460920799371206336e+01
1.376729441037631396e+01
1.587771268136016189e+01
1.482414753357956094e+01
1.472197855946571998e+01
1.560298700203914457e+01
1.682856688878989360e+01
1.501432968753557518e+01
1.301081182787634205e+01
1.337699792335696536e+01
1.698893884590309966e+01
1.485570713936371590e+01
1.607515017382786127e+01
1.595973931537742274e+01
1.515099588270863329e+01
1.658113208645149683e+01
1.474471913178453875e+01
1.706744517828761332e+01
1.738631368737251037e+01
1.593343620814273898e+01
1.770305903424816307e+01
1.525307178228280414e+01
1.694694544167812111e+01
1.764104743336885406e+01
1.289037584283249238e+01
1.504976636412739310e+01
1.354206576846574883e+01
1.236588648377034261e+01
1.156131869807598811e+01
1.373756232556449675e+01
1.152274117171575796e+01
1.153355353295586205e+01
1.075681275362271805e+01
9.197247364405418679e+00
9.895311974241854713e+00
8.359040416911048155e+00
9.785166591821900184e+00
9.187138235086742100e+00
1.240563673389463872e+01
1.098667085691311307e+01
9.762938727906533387e+00
7.565411097706821408e+00
9.447887715755168614e+00
1.003722933084690894e+01
7.393449858051677204e+00
8.310037955269944376e+00
7.803375573983704072e+00
8.825098866070627324e+00
6.883231156956167496e+00
6.982688425097458129e+00
7.757960240868002622e+00
8.403495751968611316e+00
6.468215022216121213e+00
8.681774207285807066e+00
8.058106857140986179e+00
9.029411070106537096e+00
6.467840107807631078e+00
7.520526916513795790e+00
8.297458597821153248e+00
7.779068402022025097e+00
8.719771643082236068e+00
8.523536898023145625e+00
8.951037008004487205e+00
6.030799652772384611e+00
7.446359760519388971e+00
8.368133572797468389e+00
7.728959460037496676e+00
8.120890490834057118e+00
9.892169454003957085e+00
7.327382016710273227e+00
6.492100329252408208e+00
1.046465687163246194e+01
6.218763481004864424e+00
5.147655927854441593e+00
8.307136466816661624e+00
9.267533802754542194e+00
7.502412725537223714e+00
6.843677933127297663e+00
7.195599197524721546e+00
8.624350862713233923e+00
8.533531062566783731e+00
8.767125303355527421e+00
7.815412253058890535e+00
8.730638224644941658e+00
7.477799502227894912e+00
8.052746575491639192e+00
1.053525962287909934e+01
6.346388133223769046e+00
8.818427823613010474e+00
7.326731370033062518e+00
9.637473428991590652e+00
1.063916097891013202e+01
7.973251415038752121e+00
7.738074519456931810e+00
1.045239017809327464e+01
8.614494451471525593e+00
1.232738934701261613e+01
1.147083647545541574e+01
6.766925508391531174e+00
1.229425234834148029e+01
1.125780117268462988e+01
9.980643506824282696e+00
1.068488580667700028e+01
1.210413880329314651e+01
1.272065788149167354e+01
1.256617940896558494e+01
1.118820844572145745e+01
1.141525589147351916e+01
1.273814908160614934e+01
1.326259212497897089e+01
1.236604103299241153e+01
1.457145962402876371e+01
1.473496698963215401e+01
1.271726190533214584e+01
1.343475005128467359e+01
1.068733575761704913e+01
1.273501300494271682e+01
1.578796830200564649e+01
1.443009472203878651e+01
1.620014337620567346e+01
1.343850677051162101e+01
1.440950131394908418e+01
1.494706906506534949e+01
1.448993710196183038e+01
1.332616302355839188e+01
1.235652958686883096e+01
1.384893552314101406e+01
1.589088702699951661e+01
1.285945410689409485e+01
1.004213725459757178e+01
1.051017075055798067e+01
9.167164720778478326e+00
1.042009823033135518e+01
1.208059314472902557e+01
9.637884226018853084e+00
8.292514440675196496e+00
8.860843716616084720e+00
7.218930435528576162e+00
7.868003975439178177e+00
7.928841299843065293e+00
8.261627998876219792e+00
8.079983748007567357e+00
4.971600088000612594e+00
4.628647114450333611e+00
3.738528667410824902e+00
5.356335283747125864e+00
7.472854215919234377e+00
5.029870727444428091e+00
7.027798840890652876e+00
5.549831879095527221e+00
5.227552581860901881e+00
5.463910934167857114e+00
4.617808009412038395e+00
6.122686968025313092e+00
5.850611907289588132e+00
7.064337342597499791e+00
7.301875725622564595e+00
5.911152884394106799e+00
7.316852807428363192e+00
4.907020285205353716e+00
4.454822211151724609e+00
4.679863640592715868e+00
5.912689440062810498e+00
7.047451246061509522e+00
5.731627978537437329e+00
5.959538367925943270e+00
6.027498515986686733e+00
6.507478042229931425e+00
4.492860644745288567e+00
6.062958505228644768e+00
5.519904526898235630e+00
6.161152971049414617e+00
7.189957373402012131e+00
6.079242318716217675e+00
6.657738639696316518e+00
6.111078722869924817e+00
5.608838724388619745e+00
8.619287702972403764e+00
6.834063036172362438e+00
6.838701573394001976e+00
5.015759669678868882e+00
6.099785839264823650e+00
5.085972988930184790e+00
4.921833670439176522e+00
6.935662979085968516e+00
6.007699476867455424e+00
5.318841049864201587e+00
5.941267436036067551e+00
4.088263285648925383e+00
6.538293635299900153e+00
5.251795216699834512e+00
6.011828806684667015e+00
5.676917575343995104e+00
4.348798604005806645e+00
6.114580073450870401e+00
5.204898977182089936e+00
4.806502748491388033e+00
5.487004990860358866e+00
6.331849561049527786e+00
5.163902807574412890e+00
3.448186845992799121e+00
6.565552450496621617e+00
6.095046028923562176e+00
6.681309448988258737e+00
4.084923335587774318e+00
5.838682093887570979e+00
5.470981258811578485e+00
6.992444014671659325e+00
5.983921131211348943e+00
6.386640085084113849e+00
5.485814697109514526e+00
5.285076656133345097e+00
3.722710011902652383e+00
3.243892313573873754e+00
3.590805093301110862e+00
3.744084903437863154e+00
3.507139268566557888e+00
3.062252312084404071e+00
5.035899285647762014e+00
1.968633614930174636e+00
3.442077605162634502e+00
3.289762170481004944e+00
3.176322463319719791e+00
2.766604892507487090e+00
3.251845490106780368e+00
3.371895187531072757e+00
2.401561902068465759e+00
2.167463994796466231e+00
2.208667143076398887e+00
1.499569874842036743e+00
9.124740871707814893e-01
8.344862228353799871e-01
3.739046215318758914e+00
3.867187236764313418e+00
2.810404867864481737e+00
1.928206611984495611e+00
1.848429621177144933e+00
3.499067909477483473e-01
3.540228285703098443e+00
2.836974931648206244e+00
-5.879290878936858922e-02
2.972325664551072499e+00
1.263086906494627071e+00
3.983008416919932571e-01
4.729484143227922766e-01
1.899963341381375903e+00
2.109484882372251846e+00
6.960824269992811342e-01
6.233683808551991890e-01
2.050231396056275468e+00
2.164711111089994144e+00
3.109622544121505516e+00
3.430674667923959698e-01
1.159558149198311350e+00
2.521450328930947560e+00
1.786289005805330676e+00
1.496318362305594230e+00
-1.775879300988804921e-01
1.944446170602094570e+00
1.739420341184745755e+00
1.602725043987399234e+00
-6.382491997353816338e-01
1.053592502056148072e+00
6.073360895773837198e-01
1.759479482264925343e+00
3.736931101465355898e+00
4.497812808585564537e-01
2.245498900296200306e-01
2.131193047591333212e+00
1.738853129892589333e+00
1.497279053545773175e+00
-7.105379444748008977e-01
1.133481934244943840e-01
2.756954682649556787e+00
-3.377701946965907531e-01
1.243225476077874259e+00
-1.106397825556184822e+00
-2.170390243836584632e-01
-1.355307884335414048e+00
3.719624655243166100e-01
-3.678214452507888588e-01
2.171119432598199950e+00
3.148028989926274779e+00
6.582363553707105686e-01
1.245171829516974693e+00
8.417855125278816963e-01
2.437223566460607227e+00
1.356944716648616822e+00
-7.549569938273792413e-01
1.216978638427888448e+00
3.194919221136843568e+00
1.887486477241800520e+00
3.738152023867368889e+00
1.391054099893700657e+00
5.250954039145685343e-02
2.432488799634869636e+00
-3.153131463144311919e-01
4.819575862388227327e-01
8.427570958680139501e-01
1.061764235158810799e+00
-6.437600731019391676e-01
1.758592582620057687e+00
1.029295847291016308e+00
1.647452385304311484e+00
2.997694582974126387e+00
1.244369700095419917e+00
1.822443844752465347e+00
1.578467014821953729e+00
-1.468867922370569179e+00
7.850598485508711866e-01
9.123543010344074000e-01
1.178079194638083776e-01
8.948552987773736866e-01
2.244884123055544745e+00
1.573028486837136475e+00
1.008713041101595209e+00
5.435690157960246793e-01
2.542729347587452948e-01
-6.370587111084272669e-01
-1.836495299042970319e-01
1.337255796851475553e+00
-1.027592534338707564e+00
3.206847182706931143e-01
8.126266712022950367e-01
1.856601063997344703e+00
1.986398702068183697e+00
-1.310447575768028949e+00
-6.403188095153037329e-01
1.978616240916656888e-01
-3.341041212498226942e-01
1.349197939416547420e+00
1.959766106385817830e+00
8.241087883264769376e-01
9.712560955288519482e-01
-6.309826383955721152e-01
2.339707314819501338e+00
2.118036232835518451e+00
2.249553522156239271e+00
-1.612086621494846217e-01
1.049460672525771132e+00
9.485014486739498096e-01
5.017028293644548720e-01
5.684898970167592269e-01
-2.870304458290577898e-01
3.031849869394045438e+00
1.678162578900479707e+00
3.024617895805715717e-01
-1.431713289270492712e-02
6.638302100687383245e-01
5.717916851518320964e-01
1.433042564308109945e+00
1.439629361553287357e-01
1.114344380058420292e+00
4.964139522043165553e-01
1.256691784062271111e+00
-3.424974936874454201e-01
1.685365609412137200e+00
1.670843061306697797e+00
2.718158379324532969e+00
1.311031881299670410e+00
6.525547520762383646e-01
1.933732311754166489e+00
1.508188059329869102e-01
8.106618664387598150e-01
1.880073265059787779e+00
-4.652299220014287640e-01
4.986462010716086191e-01
-1.051403540625300836e-01
3.362976521691719012e-01
-7.801457687979191924e-01
7.089627922169291496e-01
6.522947436634689566e-01
1.351760308529892818e+00
-1.499200546412369217e-01
3.711168860128502556e-01
1.831292209636155688e+00
3.175162176458007579e+00
2.572935135452614208e-01
2.479738298415588016e+00
3.506308801996314006e-01
6.214490667038126137e-01
-2.108018500459844791e-01
3.195521469104604662e-01
4.218514306295377825e-01
-6.858064541456118102e-01
8.454932046413378144e-01
-1.544714294605948002e+00
1.855028886112674913e+00
1.394485937607854886e+00
1.886786990619060633e+00
-1.751065662914981447e+00
3.393461291421905890e-01
1.877751912752156027e+00
7.896025980157882485e-01
-1.019655845140885031e+00
-3.263264352312818528e-01
1.164963855043786412e+00
1.706744588096038795e+00
1.952466476819470165e+00
-1.542034949533833910e+00
7.209743669613349892e-01
1.159685288621032095e-01
1.678343187366502454e+00
1.221505662380575563e+00
9.514161624408382645e-01
2.085846990867729289e+00
1.759070284711995003e+00
1.039124276187461504e+00
4.260080829825774740e-01
5.337374389858457607e-02
2.750349795708970202e+00
-5.654368760610282152e-01
1.001131635326108771e-01
1.329259290392038162e+00
1.376587287694539086e+00
-2.473671754237621201e+00
8.976825972339874671e-01
-1.358597436602106134e-01
8.181196736420868199e-01
2.385236445543623129e-01
-8.760416927261405196e-01
-4.288053574582371130e-01
1.256340268377876379e+00
5.927830952488830629e-01
6.340302967263325429e-02
-5.783404886744647477e-01
6.154839217326413259e-01
1.039022867768396363e+00
2.566215374654694514e+00
5.714757767422150581e-01
2.013234323438669315e-01
-4.168559947749921057e-02
7.715127479543584244e-01
1.974419488228243091e+00
9.268327765058135270e-01
-4.768130992462641382e-01
1.217181524328977860e+00
-4.314132022821341728e-02
5.666955499156319798e-01
1.157981560067550708e+00
1.172164850693178773e+00
-3.461057586152962995e-01
-2.892374104500549659e-01
1.591270083069512564e+00
1.761603361491355935e-01
2.847704695787867668e-01
2.271977208103783674e+00
2.536121975857874578e-01
-1.453547801709841047e-01
-1.032647524549707430e-01
-6.360399283879687726e-02
1.127926424273107520e+00
3.244506591210109120e-02
3.713037931559280969e-01
9.677982384182712838e-01
2.667423898529547865e-01
7.668036821629393707e-01
-5.908868868121881501e-01
5.521269443718311853e-01
2.982544315476873820e-01
-9.840689246647458255e-01
3.147501745587183430e-01
3.289970649018151838e-01
2.119572427253932911e+00
-2.455375551662972167e-01
8.033100211994476103e-01
-7.020911947458564617e-01
1.338627330955950212e+00
7.725378585069897497e-01
2.336797160368182080e+00
-9.601061138397242178e-01
7.612508626240545029e-01
4.810394011213156573e-01
4.591842139875014217e-01
-1.220308833623743594e-01
1.363403917542456822e+00
1.071266630992997237e+00
9.220129252745596915e-01
-1.009074001374850038e+00
1.319832637171272305e+00
1.322337144370991036e+00
1.215411049740789950e+00
-1.670339793248513116e-01
1.699040795294578299e+00
7.839273230927920055e-01
1.486768582607052580e-01
2.174905907928279980e+00
7.075939352722658837e-01
-6.923799327796739851e-03
3.801938920695808188e-01
9.659357389551921358e-01
5.108968692024395963e-01
-5.062855396553769260e-01
6.622366169019248128e-01
8.538576758801939004e-01
1.233577120557257691e-02
1.869962870521631570e+00
4.164619722759790865e-02
8.135505276960399712e-01
-1.490103672258904499e-01
8.236570300492528363e-01
2.270252310977137755e-01
-1.886425436389579824e+00
1.150334404428329460e+00
-1.054442753273648753e-01
-2.453025658942719067e-01
1.414520069649654266e+00
8.448665604027478793e-01
1.731636866065825675e+00
2.374851317333076528e-01
7.164179528083620685e-01
1.759382566979245111e+00
6.815016033165366416e-01
1.066393927655177487e+00
2.662547816952770541e-01
4.199202467011035722e+00
-5.778316067822567362e-03
1.613522585578125002e+00
8.317200093509627967e-01
2.673443521181531057e+00
4.353191941272088195e-01
2.612194246437271050e-01
-5.551706481791416348e-01
-6.660926931135293660e-01
-8.325671658996792734e-01
-4.637619944916333559e-01
1.659119728427350449e+00
3.358469760818670324e-01
-2.129902369308668497e+00
-6.351075944803707962e-01
-5.578370736044506728e-01
7.733243510593014181e-01
3.345825885081024076e+00
-3.157257206311427367e-01
-1.675239588475527563e+00
-4.472605108203927538e-01
1.442500504752136203e+00
6.322748817800560861e-01
1.417672330492640409e+00
-2.255437734495839008e-01
-6.822871230705416234e-01
-4.717539774397289665e-01
-1.808964751581606245e-01
-9.951997783804448217e-01
5.057044772258838528e-01
-8.603906814213180265e-02
2.644746528127445373e+00
9.439791663783433373e-01
-2.607454819682223923e-01
1.029434634346353628e+00
4.751576373241873652e-01
1.540533752667903045e+00
4.572509072747322767e-01
8.395749464015427321e-01
5.290686373322051050e-01
6.863660163840569206e-01
-7.839030829444524340e-01
2.430692347939833908e+00
-9.430158262378128542e-02
2.174526759144590482e-01
1.173182195193487765e+00
1.664401547691057026e-01
-5.584142572507025393e-02
6.776663882992700616e-02
-2.634207938912478397e-01
-6.434869874415298785e-01
2.470293684453085614e+00
1.680445690199655395e+00
-3.784762468133536645e-02
-4.669775651500666092e-01
3.652894728830374804e-01
1.056339402425391816e+00
-1.501572409627676796e+00
2.430658416107740749e-01
-3.636716147569029611e-01
-1.686446343069627929e+00
7.872591460429868571e-01
9.764806112668696914e-01
5.002019189682961331e-01
1.783654749601234046e+00
1.577127242366647808e+00
1.960669790422020720e+00
2.713358329926694457e-01
9.791933438085393959e-01
3.998258469927682413e-01
3.621636026654317941e-01
4.186478541279817916e-02
-6.601939741695932451e-01
1.414381832093014602e+00
1.855968378609830882e+00
8.244783686081309515e-01
4.037395303686188708e-01
-2.774616089111448664e-02
-5.709602492448480060e-01
8.843574574097420316e-01
8.345998247695564087e-01
1.185144806273019658e+00
-1.580550610387026211e-01
9.710334201884691929e-02
6.580128585757956394e-02
1.899089746872370865e+00
6.028951825271574583e-01
9.463641328713326972e-01
-3.216088769747704745e-01
2.221663851973302073e+00
3.712224550252725686e-01
1.667092120133691679e+00
1.124316734152074115e+00
-9.993436245666795226e-02
-2.000747054748721887e-01
1.780896513426158290e+00
1.390060680632743795e+00
2.999082457519285372e-01
2.671087399603533363e+00
-9.100863527106649586e-01
9.316509724176973428e-01
1.435817408788156779e+00
2.225159476279320980e+00
1.362713070860783304e+00
-1.271639973137000057e+00
-1.208363805868742924e+00
1.276628276158185304e+00
-8.865925675475850865e-01
-7.105982843725347498e-02
2.596348461216560488e-01
1.655823678607848182e+00
-8.065524264283604472e-01
2.427518716521447573e+00
1.648398373027461394e+00
-3.102196970577728585e-01
-1.007689743339136745e+00
1.260978346580523324e+00
9.117958914558815797e-01
1.084087451976597727e+00
3.430364261013912341e-01
1.187186166517254088e-01
-4.072798823902018528e-01
1.553299760489531556e+00
1.227105338691502068e+00
-3.207098280194723428e-01
5.846618611399035936e-01
-3.741181117513243670e-01
7.270517397269045112e-01
1.103466709851770089e+00
-1.402541802565330231e+00
1.097440266064162007e+00
-9.958569831374429471e-02
-1.307146668727670935e+00
-5.930768519959193075e-01
5.918606468031912815e-01
1.973138257932300021e+00
1.069356295665669254e+00
2.656235404058345129e+00
8.875927148093994967e-01
1.218639952448975938e+00
5.306424786760107759e-01
1.964271835608079886e-01
1.137397763010006141e-01
3.158070143243323080e-02
2.453201932631605242e+00
2.078911187168114960e+00
4.186913270355661909e-02
7.829514111237614871e-02
5.406818224640077553e-01
1.418511679969115091e+00
-1.635919414132575689e+00
4.724316885085569906e-01
6.938844569088424841e-01
7.596632550569001330e-01
6.187859880106335586e-01
9.798809099225909147e-01
1.703462472559969410e+00
8.477664416400729208e-02
4.497872292239656900e-01
1.502671226415209338e+00
-4.158250777951680854e-01
-2.404710434563595289e-01
1.773974559345433688e+00
1.810879513627680903e-01
1.564409698978411534e+00
9.673864648874774819e-02
-1.056418946226393291e-01
-4.491125835614180328e-01
9.708839757415345106e-01
1.200334932199970783e+00
-1.062033433140982391e-01
6.005121227340041168e-01
5.091541418494880400e-01
8.063093763344399978e-01
-4.026026045116654628e-01
7.442747287861647409e-01
-1.483969583559941130e+00
-9.957438090761577820e-01
2.041411572875021729e+00
-1.314445135175244528e-01
9.757289926401547797e-01
8.273066400022229816e-01
1.700450143691979887e+00
2.593360981474984062e+00
-6.691959363447373965e-01
3.295918461885716799e-01
2.813664555321707672e-01
-1.046309619548552394e+00
-9.121159403065733084e-02
-7.725150795636850365e-01
-4.844526819566898346e-01
1.363152067052375571e+00
1.277689017110682279e+00
