2.412090759970000136e+02 2.000000000000000000e+00
2.412095759970000017e+02 2.000000000000000000e+00
2.412100759970000468e+02 1.000000000000000000e+00
2.412105759970000349e+02 0.000000000000000000e+00
2.412110759970000800e+02 1.000000000000000000e+00
2.412115759970000681e+02 3.000000000000000000e+00
2.412120759970001131e+02 0.000000000000000000e+00
2.412125759970001013e+02 0.000000000000000000e+00
2.412130759970001463e+02 0.000000000000000000e+00
2.412135759970001345e+02 1.000000000000000000e+00
2.412140759970001795e+02 3.000000000000000000e+00
2.412145759970001677e+02 4.000000000000000000e+00
2.412150759970002127e+02 1.000000000000000000e+00
2.412155759970002009e+02 0.000000000000000000e+00
2.412160759970002459e+02 2.000000000000000000e+00
2.412165759970002341e+02 2.000000000000000000e+00
2.412170759970002791e+02 0.000000000000000000e+00
2.412175759970002673e+02 2.000000000000000000e+00
2.412180759970003123e+02 2.000000000000000000e+00
2.412185759970003005e+02 3.000000000000000000e+00
2.412190759970003455e+02 2.000000000000000000e+00
2.412195759970003337e+02 2.000000000000000000e+00
2.412200759970003787e+02 3.000000000000000000e+00
2.412205759970003669e+02 2.000000000000000000e+00
2.412210759970004119e+02 2.000000000000000000e+00
2.412215759970004001e+02 3.000000000000000000e+00
2.412220759970004451e+02 2.000000000000000000e+00
2.412225759970004333e+02 2.000000000000000000e+00
2.412230759970004783e+02 2.000000000000000000e+00
2.412235759970004665e+02 0.000000000000000000e+00
2.412240759970005115e+02 3.000000000000000000e+00
2.412245759970004997e+02 2.000000000000000000e+00
2.412250759970005447e+02 1.000000000000000000e+00
2.412255759970005329e+02 0.000000000000000000e+00
2.412260759970005779e+02 4.000000000000000000e+00
2.412265759970005661e+02 1.000000000000000000e+00
2.412270759970006111e+02 3.000000000000000000e+00
2.412275759970005993e+02 1.000000000000000000e+00
2.412280759970006443e+02 1.000000000000000000e+00
2.412285759970006325e+02 3.000000000000000000e+00
2.412290759970006775e+02 1.000000000000000000e+00
2.412295759970006657e+02 1.000000000000000000e+00
2.412300759970007107e+02 2.000000000000000000e+00
2.412305759970006989e+02 2.000000000000000000e+00
2.412310759970007439e+02 1.000000000000000000e+00
2.412315759970007321e+02 0.000000000000000000e+00
2.412320759970007771e+02 2.000000000000000000e+00
2.412325759970007653e+02 2.000000000000000000e+00
2.412330759970008103e+02 1.000000000000000000e+00
2.412335759970007985e+02 1.000000000000000000e+00
2.412340759970008435e+02 4.000000000000000000e+00
2.412345759970008316e+02 4.000000000000000000e+00
2.412350759970008767e+02 2.000000000000000000e+00
2.412355759970008648e+02 2.000000000000000000e+00
2.412360759970009099e+02 3.000000000000000000e+00
2.412365759970008980e+02 0.000000000000000000e+00
2.412370759970009431e+02 2.000000000000000000e+00
2.412375759970009312e+02 1.000000000000000000e+00
2.412380759970009763e+02 3.000000000000000000e+00
2.412385759970009644e+02 4.000000000000000000e+00
2.412390759970010095e+02 0.000000000000000000e+00
2.412395759970009976e+02 1.000000000000000000e+00
2.412400759970010427e+02 2.000000000000000000e+00
2.412405759970010308e+02 3.000000000000000000e+00
2.412410759970010758e+02 0.000000000000000000e+00
2.412415759970010640e+02 1.000000000000000000e+00
2.412420759970011090e+02 1.000000000000000000e+00
2.412425759970010972e+02 2.000000000000000000e+00
2.412430759970011422e+02 2.000000000000000000e+00
2.412435759970011304e+02 0.000000000000000000e+00
2.412440759970011754e+02 2.000000000000000000e+00
2.412445759970011636e+02 1.000000000000000000e+00
2.412450759970012086e+02 1.000000000000000000e+00
2.412455759970011968e+02 5.000000000000000000e+00
2.412460759970012418e+02 2.000000000000000000e+00
2.412465759970012300e+02 0.000000000000000000e+00
2.412470759970012750e+02 2.000000000000000000e+00
2.412475759970012632e+02 0.000000000000000000e+00
2.412480759970013082e+02 2.000000000000000000e+00
2.412485759970012964e+02 0.000000000000000000e+00
2.412490759970013414e+02 3.000000000000000000e+00
2.412495759970013296e+02 0.000000000000000000e+00
2.412500759970013746e+02 2.000000000000000000e+00
2.412505759970013628e+02 1.000000000000000000e+00
2.412510759970014078e+02 3.000000000000000000e+00
2.412515759970013960e+02 2.000000000000000000e+00
2.412520759970014410e+02 3.000000000000000000e+00
2.412525759970014292e+02 1.000000000000000000e+00
2.412530759970014742e+02 4.000000000000000000e+00
2.412535759970014624e+02 2.000000000000000000e+00
2.412540759970015074e+02 2.000000000000000000e+00
2.412545759970014956e+02 1.000000000000000000e+00
2.412550759970015406e+02 3.000000000000000000e+00
2.412555759970015288e+02 0.000000000000000000e+00
2.412560759970015738e+02 4.000000000000000000e+00
2.412565759970015620e+02 4.000000000000000000e+00
2.412570759970016070e+02 3.000000000000000000e+00
2.412575759970015952e+02 1.000000000000000000e+00
2.412580759970016402e+02 1.000000000000000000e+00
2.412585759970016284e+02 3.000000000000000000e+00
2.412590759970016734e+02 1.000000000000000000e+00
2.412595759970016616e+02 1.000000000000000000e+00
2.412600759970017066e+02 2.000000000000000000e+00
2.412605759970016948e+02 3.000000000000000000e+00
2.412610759970017398e+02 2.000000000000000000e+00
2.412615759970017280e+02 3.000000000000000000e+00
2.412620759970017730e+02 3.000000000000000000e+00
2.412625759970017612e+02 2.000000000000000000e+00
2.412630759970018062e+02 1.000000000000000000e+00
2.412635759970017943e+02 1.000000000000000000e+00
2.412640759970018394e+02 0.000000000000000000e+00
2.412645759970018275e+02 3.000000000000000000e+00
2.412650759970018726e+02 1.000000000000000000e+00
2.412655759970018607e+02 0.000000000000000000e+00
2.412660759970019058e+02 0.000000000000000000e+00
2.412665759970018939e+02 2.000000000000000000e+00
2.412670759970019390e+02 4.000000000000000000e+00
2.412675759970019271e+02 1.000000000000000000e+00
2.412680759970019722e+02 0.000000000000000000e+00
2.412685759970019603e+02 0.000000000000000000e+00
2.412690759970020054e+02 0.000000000000000000e+00
2.412695759970019935e+02 1.000000000000000000e+00
2.412700759970020385e+02 1.000000000000000000e+00
2.412705759970020267e+02 1.000000000000000000e+00
2.412710759970020717e+02 1.000000000000000000e+00
2.412715759970020599e+02 0.000000000000000000e+00
2.412720759970021049e+02 3.000000000000000000e+00
2.412725759970020931e+02 2.000000000000000000e+00
2.412730759970021381e+02 2.000000000000000000e+00
2.412735759970021263e+02 2.000000000000000000e+00
2.412740759970021713e+02 4.000000000000000000e+00
2.412745759970021595e+02 2.000000000000000000e+00
2.412750759970022045e+02 2.000000000000000000e+00
2.412755759970021927e+02 0.000000000000000000e+00
2.412760759970022377e+02 0.000000000000000000e+00
2.412765759970022259e+02 2.000000000000000000e+00
2.412770759970022709e+02 2.000000000000000000e+00
2.412775759970022591e+02 0.000000000000000000e+00
2.412780759970023041e+02 2.000000000000000000e+00
2.412785759970022923e+02 0.000000000000000000e+00
2.412790759970023373e+02 2.000000000000000000e+00
2.412795759970023255e+02 2.000000000000000000e+00
2.412800759970023705e+02 2.000000000000000000e+00
2.412805759970023587e+02 2.000000000000000000e+00
2.412810759970024037e+02 0.000000000000000000e+00
2.412815759970023919e+02 2.000000000000000000e+00
2.412820759970024369e+02 1.000000000000000000e+00
2.412825759970024251e+02 2.000000000000000000e+00
2.412830759970024701e+02 0.000000000000000000e+00
2.412835759970024583e+02 3.000000000000000000e+00
2.412840759970025033e+02 3.000000000000000000e+00
2.412845759970024915e+02 1.000000000000000000e+00
2.412850759970025365e+02 0.000000000000000000e+00
2.412855759970025247e+02 0.000000000000000000e+00
2.412860759970025697e+02 0.000000000000000000e+00
2.412865759970025579e+02 3.000000000000000000e+00
2.412870759970026029e+02 0.000000000000000000e+00
2.412875759970025911e+02 1.000000000000000000e+00
2.412880759970026361e+02 1.000000000000000000e+00
2.412885759970026243e+02 1.000000000000000000e+00
2.412890759970026693e+02 2.000000000000000000e+00
2.412895759970026575e+02 1.000000000000000000e+00
2.412900759970027025e+02 1.000000000000000000e+00
2.412905759970026907e+02 3.000000000000000000e+00
2.412910759970027357e+02 3.000000000000000000e+00
2.412915759970027239e+02 0.000000000000000000e+00
2.412920759970027689e+02 1.000000000000000000e+00
2.412925759970027570e+02 4.000000000000000000e+00
2.412930759970028021e+02 1.000000000000000000e+00
2.412935759970027902e+02 2.000000000000000000e+00
2.412940759970028353e+02 2.000000000000000000e+00
2.412945759970028234e+02 5.000000000000000000e+00
2.412950759970028685e+02 0.000000000000000000e+00
2.412955759970028566e+02 4.000000000000000000e+00
2.412960759970029017e+02 1.000000000000000000e+00
2.412965759970028898e+02 5.000000000000000000e+00
2.412970759970029349e+02 2.000000000000000000e+00
2.412975759970029230e+02 3.000000000000000000e+00
2.412980759970029681e+02 2.000000000000000000e+00
2.412985759970029562e+02 2.000000000000000000e+00
2.412990759970030012e+02 0.000000000000000000e+00
2.412995759970029894e+02 4.000000000000000000e+00
2.413000759970030344e+02 1.000000000000000000e+00
2.413005759970030226e+02 2.000000000000000000e+00
2.413010759970030676e+02 1.000000000000000000e+00
2.413015759970030558e+02 3.000000000000000000e+00
2.413020759970031008e+02 2.000000000000000000e+00
2.413025759970030890e+02 1.000000000000000000e+00
2.413030759970031340e+02 4.000000000000000000e+00
2.413035759970031222e+02 1.000000000000000000e+00
2.413040759970031672e+02 4.000000000000000000e+00
2.413045759970031554e+02 3.000000000000000000e+00
2.413050759970032004e+02 2.000000000000000000e+00
2.413055759970031886e+02 5.000000000000000000e+00
2.413060759970032336e+02 3.000000000000000000e+00
2.413065759970032218e+02 1.000000000000000000e+00
2.413070759970032668e+02 1.000000000000000000e+00
2.413075759970032550e+02 1.000000000000000000e+00
2.413080759970033000e+02 1.000000000000000000e+00
2.413085759970032882e+02 1.000000000000000000e+00
2.413090759970033332e+02 1.000000000000000000e+00
2.413095759970033214e+02 3.000000000000000000e+00
2.413100759970033664e+02 1.000000000000000000e+00
2.413105759970033546e+02 5.000000000000000000e+00
2.413110759970033996e+02 5.000000000000000000e+00
2.413115759970033878e+02 3.000000000000000000e+00
2.413120759970034328e+02 0.000000000000000000e+00
2.413125759970034210e+02 1.000000000000000000e+00
2.413130759970034660e+02 3.000000000000000000e+00
2.413135759970034542e+02 3.000000000000000000e+00
2.413140759970034992e+02 2.000000000000000000e+00
2.413145759970034874e+02 0.000000000000000000e+00
2.413150759970035324e+02 1.000000000000000000e+00
2.413155759970035206e+02 3.000000000000000000e+00
2.413160759970035656e+02 1.000000000000000000e+00
2.413165759970035538e+02 5.000000000000000000e+00
2.413170759970035988e+02 1.000000000000000000e+00
2.413175759970035870e+02 2.000000000000000000e+00
2.413180759970036320e+02 5.000000000000000000e+00
2.413185759970036202e+02 3.000000000000000000e+00
2.413190759970036652e+02 3.000000000000000000e+00
2.413195759970036534e+02 2.000000000000000000e+00
2.413200759970036984e+02 2.000000000000000000e+00
2.413205759970036866e+02 2.000000000000000000e+00
2.413210759970037316e+02 2.000000000000000000e+00
2.413215759970037197e+02 3.000000000000000000e+00
2.413220759970037648e+02 0.000000000000000000e+00
2.413225759970037529e+02 3.000000000000000000e+00
2.413230759970037980e+02 3.000000000000000000e+00
2.413235759970037861e+02 1.000000000000000000e+00
2.413240759970038312e+02 1.000000000000000000e+00
2.413245759970038193e+02 1.000000000000000000e+00
2.413250759970038644e+02 2.000000000000000000e+00
2.413255759970038525e+02 2.000000000000000000e+00
2.413260759970038976e+02 3.000000000000000000e+00
2.413265759970038857e+02 3.000000000000000000e+00
2.413270759970039308e+02 2.000000000000000000e+00
2.413275759970039189e+02 2.000000000000000000e+00
2.413280759970039639e+02 1.000000000000000000e+00
2.413285759970039521e+02 1.000000000000000000e+00
2.413290759970039971e+02 2.000000000000000000e+00
2.413295759970039853e+02 2.000000000000000000e+00
2.413300759970040303e+02 3.000000000000000000e+00
2.413305759970040185e+02 4.000000000000000000e+00
2.413310759970040635e+02 0.000000000000000000e+00
2.413315759970040517e+02 5.000000000000000000e+00
2.413320759970040967e+02 4.000000000000000000e+00
2.413325759970040849e+02 3.000000000000000000e+00
2.413330759970041299e+02 1.000000000000000000e+00
2.413335759970041181e+02 1.000000000000000000e+00
2.413340759970041631e+02 2.000000000000000000e+00
2.413345759970041513e+02 0.000000000000000000e+00
2.413350759970041963e+02 1.000000000000000000e+00
2.413355759970041845e+02 2.000000000000000000e+00
2.413360759970042295e+02 5.000000000000000000e+00
2.413365759970042177e+02 2.000000000000000000e+00
2.413370759970042627e+02 8.000000000000000000e+00
2.413375759970042509e+02 2.000000000000000000e+00
2.413380759970042959e+02 1.000000000000000000e+00
2.413385759970042841e+02 3.000000000000000000e+00
2.413390759970043291e+02 4.000000000000000000e+00
2.413395759970043173e+02 3.000000000000000000e+00
2.413400759970043623e+02 8.000000000000000000e+00
2.413405759970043505e+02 5.000000000000000000e+00
2.413410759970043955e+02 9.000000000000000000e+00
2.413415759970043837e+02 9.000000000000000000e+00
2.413420759970044287e+02 1.400000000000000000e+01
2.413425759970044169e+02 1.000000000000000000e+01
2.413430759970044619e+02 1.100000000000000000e+01
2.413435759970044501e+02 1.500000000000000000e+01
2.413440759970044951e+02 2.100000000000000000e+01
2.413445759970044833e+02 1.700000000000000000e+01
2.413450759970045283e+02 2.000000000000000000e+01
2.413455759970045165e+02 1.900000000000000000e+01
2.413460759970045615e+02 2.300000000000000000e+01
2.413465759970045497e+02 2.000000000000000000e+01
2.413470759970045947e+02 2.800000000000000000e+01
2.413475759970045829e+02 1.800000000000000000e+01
2.413480759970046279e+02 2.600000000000000000e+01
2.413485759970046161e+02 2.000000000000000000e+01
2.413490759970046611e+02 1.900000000000000000e+01
2.413495759970046493e+02 7.000000000000000000e+00
2.413500759970046943e+02 1.200000000000000000e+01
2.413505759970046824e+02 1.300000000000000000e+01
2.413510759970047275e+02 1.400000000000000000e+01
2.413515759970047156e+02 1.400000000000000000e+01
2.413520759970047607e+02 1.000000000000000000e+01
2.413525759970047488e+02 1.500000000000000000e+01
2.413530759970047939e+02 4.000000000000000000e+00
2.413535759970047820e+02 1.000000000000000000e+01
2.413540759970048271e+02 1.100000000000000000e+01
2.413545759970048152e+02 1.700000000000000000e+01
2.413550759970048603e+02 4.000000000000000000e+00
2.413555759970048484e+02 1.000000000000000000e+01
2.413560759970048935e+02 9.000000000000000000e+00
2.413565759970048816e+02 7.000000000000000000e+00
2.413570759970049266e+02 1.000000000000000000e+01
2.413575759970049148e+02 5.000000000000000000e+00
2.413580759970049598e+02 1.200000000000000000e+01
2.413585759970049480e+02 9.000000000000000000e+00
2.413590759970049930e+02 1.000000000000000000e+01
2.413595759970049812e+02 3.000000000000000000e+00
2.413600759970050262e+02 3.000000000000000000e+00
2.413605759970050144e+02 5.000000000000000000e+00
2.413610759970050594e+02 2.000000000000000000e+00
2.413615759970050476e+02 4.000000000000000000e+00
2.413620759970050926e+02 1.000000000000000000e+01
2.413625759970050808e+02 5.000000000000000000e+00
2.413630759970051258e+02 9.000000000000000000e+00
2.413635759970051140e+02 7.000000000000000000e+00
2.413640759970051590e+02 7.000000000000000000e+00
2.413645759970051472e+02 6.000000000000000000e+00
2.413650759970051922e+02 1.000000000000000000e+00
2.413655759970051804e+02 9.000000000000000000e+00
2.413660759970052254e+02 7.000000000000000000e+00
2.413665759970052136e+02 8.000000000000000000e+00
2.413670759970052586e+02 5.000000000000000000e+00
2.413675759970052468e+02 7.000000000000000000e+00
2.413680759970052918e+02 3.000000000000000000e+00
2.413685759970052800e+02 7.000000000000000000e+00
2.413690759970053250e+02 5.000000000000000000e+00
2.413695759970053132e+02 4.000000000000000000e+00
2.413700759970053582e+02 5.000000000000000000e+00
2.413705759970053464e+02 4.000000000000000000e+00
2.413710759970053914e+02 5.000000000000000000e+00
2.413715759970053796e+02 7.000000000000000000e+00
2.413720759970054246e+02 1.000000000000000000e+01
2.413725759970054128e+02 6.000000000000000000e+00
2.413730759970054578e+02 5.000000000000000000e+00
2.413735759970054460e+02 3.000000000000000000e+00
2.413740759970054910e+02 5.000000000000000000e+00
2.413745759970054792e+02 6.000000000000000000e+00
2.413750759970055242e+02 5.000000000000000000e+00
2.413755759970055124e+02 8.000000000000000000e+00
2.413760759970055574e+02 6.000000000000000000e+00
2.413765759970055456e+02 6.000000000000000000e+00
2.413770759970055906e+02 6.000000000000000000e+00
2.413775759970055788e+02 6.000000000000000000e+00
2.413780759970056238e+02 3.000000000000000000e+00
2.413785759970056120e+02 6.000000000000000000e+00
2.413790759970056570e+02 4.000000000000000000e+00
2.413795759970056451e+02 3.000000000000000000e+00
2.413800759970056902e+02 2.000000000000000000e+00
2.413805759970056783e+02 3.000000000000000000e+00
2.413810759970057234e+02 2.000000000000000000e+00
2.413815759970057115e+02 3.000000000000000000e+00
2.413820759970057566e+02 3.000000000000000000e+00
2.413825759970057447e+02 6.000000000000000000e+00
2.413830759970057898e+02 2.000000000000000000e+00
2.413835759970057779e+02 4.000000000000000000e+00
2.413840759970058230e+02 5.000000000000000000e+00
2.413845759970058111e+02 3.000000000000000000e+00
2.413850759970058562e+02 8.000000000000000000e+00
2.413855759970058443e+02 3.000000000000000000e+00
2.413860759970058893e+02 2.000000000000000000e+00
2.413865759970058775e+02 2.000000000000000000e+00
2.413870759970059225e+02 6.000000000000000000e+00
2.413875759970059107e+02 3.000000000000000000e+00
2.413880759970059557e+02 3.000000000000000000e+00
2.413885759970059439e+02 0.000000000000000000e+00
2.413890759970059889e+02 0.000000000000000000e+00
2.413895759970059771e+02 5.000000000000000000e+00
2.413900759970060221e+02 6.000000000000000000e+00
2.413905759970060103e+02 2.000000000000000000e+00
2.413910759970060553e+02 4.000000000000000000e+00
2.413915759970060435e+02 6.000000000000000000e+00
2.413920759970060885e+02 4.000000000000000000e+00
2.413925759970060767e+02 6.000000000000000000e+00
2.413930759970061217e+02 6.000000000000000000e+00
2.413935759970061099e+02 4.000000000000000000e+00
2.413940759970061549e+02 3.000000000000000000e+00
2.413945759970061431e+02 4.000000000000000000e+00
2.413950759970061881e+02 3.000000000000000000e+00
2.413955759970061763e+02 8.000000000000000000e+00
2.413960759970062213e+02 6.000000000000000000e+00
2.413965759970062095e+02 3.000000000000000000e+00
2.413970759970062545e+02 2.000000000000000000e+00
2.413975759970062427e+02 5.000000000000000000e+00
2.413980759970062877e+02 3.000000000000000000e+00
2.413985759970062759e+02 4.000000000000000000e+00
2.413990759970063209e+02 3.000000000000000000e+00
2.413995759970063091e+02 1.000000000000000000e+00
2.414000759970063541e+02 3.000000000000000000e+00
2.414005759970063423e+02 5.000000000000000000e+00
2.414010759970063873e+02 3.000000000000000000e+00
2.414015759970063755e+02 5.000000000000000000e+00
2.414020759970064205e+02 4.000000000000000000e+00
2.414025759970064087e+02 4.000000000000000000e+00
2.414030759970064537e+02 4.000000000000000000e+00
2.414035759970064419e+02 1.000000000000000000e+00
2.414040759970064869e+02 2.000000000000000000e+00
2.414045759970064751e+02 5.000000000000000000e+00
2.414050759970065201e+02 3.000000000000000000e+00
2.414055759970065083e+02 8.000000000000000000e+00
2.414060759970065533e+02 7.000000000000000000e+00
2.414065759970065415e+02 1.100000000000000000e+01
2.414070759970065865e+02 4.000000000000000000e+00
2.414075759970065747e+02 4.000000000000000000e+00
2.414080759970066197e+02 7.000000000000000000e+00
2.414085759970066078e+02 4.000000000000000000e+00
2.414090759970066529e+02 4.000000000000000000e+00
2.414095759970066410e+02 4.000000000000000000e+00
2.414100759970066861e+02 4.000000000000000000e+00
2.414105759970066742e+02 2.000000000000000000e+00
2.414110759970067193e+02 4.000000000000000000e+00
2.414115759970067074e+02 3.000000000000000000e+00
2.414120759970067525e+02 4.000000000000000000e+00
2.414125759970067406e+02 2.000000000000000000e+00
2.414130759970067857e+02 4.000000000000000000e+00
2.414135759970067738e+02 2.000000000000000000e+00
2.414140759970068189e+02 3.000000000000000000e+00
2.414145759970068070e+02 4.000000000000000000e+00
2.414150759970068520e+02 6.000000000000000000e+00
2.414155759970068402e+02 4.000000000000000000e+00
2.414160759970068852e+02 6.000000000000000000e+00
2.414165759970068734e+02 7.000000000000000000e+00
2.414170759970069184e+02 6.000000000000000000e+00
2.414175759970069066e+02 5.000000000000000000e+00
2.414180759970069516e+02 5.000000000000000000e+00
2.414185759970069398e+02 5.000000000000000000e+00
2.414190759970069848e+02 7.000000000000000000e+00
2.414195759970069730e+02 5.000000000000000000e+00
2.414200759970070180e+02 6.000000000000000000e+00
2.414205759970070062e+02 1.200000000000000000e+01
2.414210759970070512e+02 7.000000000000000000e+00
2.414215759970070394e+02 4.000000000000000000e+00
2.414220759970070844e+02 6.000000000000000000e+00
2.414225759970070726e+02 6.000000000000000000e+00
2.414230759970071176e+02 1.000000000000000000e+01
2.414235759970071058e+02 6.000000000000000000e+00
2.414240759970071508e+02 4.000000000000000000e+00
2.414245759970071390e+02 1.000000000000000000e+01
2.414250759970071840e+02 1.100000000000000000e+01
2.414255759970071722e+02 6.000000000000000000e+00
2.414260759970072172e+02 1.200000000000000000e+01
2.414265759970072054e+02 8.000000000000000000e+00
2.414270759970072504e+02 1.700000000000000000e+01
2.414275759970072386e+02 5.000000000000000000e+00
2.414280759970072836e+02 1.500000000000000000e+01
2.414285759970072718e+02 1.300000000000000000e+01
2.414290759970073168e+02 1.800000000000000000e+01
2.414295759970073050e+02 1.200000000000000000e+01
2.414300759970073500e+02 1.200000000000000000e+01
2.414305759970073382e+02 1.000000000000000000e+01
2.414310759970073832e+02 1.200000000000000000e+01
2.414315759970073714e+02 1.100000000000000000e+01
2.414320759970074164e+02 1.600000000000000000e+01
2.414325759970074046e+02 1.400000000000000000e+01
2.414330759970074496e+02 1.500000000000000000e+01
2.414335759970074378e+02 8.000000000000000000e+00
2.414340759970074828e+02 8.000000000000000000e+00
2.414345759970074710e+02 8.000000000000000000e+00
2.414350759970075160e+02 8.000000000000000000e+00
2.414355759970075042e+02 9.000000000000000000e+00
2.414360759970075492e+02 1.000000000000000000e+01
2.414365759970075374e+02 1.400000000000000000e+01
2.414370759970075824e+02 1.100000000000000000e+01
2.414375759970075705e+02 1.200000000000000000e+01
2.414380759970076156e+02 1.300000000000000000e+01
2.414385759970076037e+02 9.000000000000000000e+00
2.414390759970076488e+02 1.100000000000000000e+01
2.414395759970076369e+02 1.300000000000000000e+01
2.414400759970076820e+02 1.800000000000000000e+01
2.414405759970076701e+02 1.300000000000000000e+01
2.414410759970077152e+02 1.500000000000000000e+01
2.414415759970077033e+02 9.000000000000000000e+00
2.414420759970077484e+02 1.600000000000000000e+01
2.414425759970077365e+02 1.800000000000000000e+01
2.414430759970077816e+02 1.500000000000000000e+01
2.414435759970077697e+02 6.000000000000000000e+00
2.414440759970078147e+02 1.200000000000000000e+01
2.414445759970078029e+02 1.600000000000000000e+01
2.414450759970078479e+02 8.000000000000000000e+00
2.414455759970078361e+02 1.300000000000000000e+01
2.414460759970078811e+02 1.100000000000000000e+01
2.414465759970078693e+02 1.000000000000000000e+01
2.414470759970079143e+02 1.500000000000000000e+01
2.414475759970079025e+02 1.000000000000000000e+01
2.414480759970079475e+02 9.000000000000000000e+00
2.414485759970079357e+02 2.200000000000000000e+01
2.414490759970079807e+02 1.500000000000000000e+01
2.414495759970079689e+02 1.100000000000000000e+01
2.414500759970080139e+02 1.100000000000000000e+01
2.414505759970080021e+02 1.300000000000000000e+01
2.414510759970080471e+02 8.000000000000000000e+00
2.414515759970080353e+02 1.300000000000000000e+01
2.414520759970080803e+02 1.700000000000000000e+01
2.414525759970080685e+02 7.000000000000000000e+00
2.414530759970081135e+02 1.400000000000000000e+01
2.414535759970081017e+02 1.200000000000000000e+01
2.414540759970081467e+02 1.600000000000000000e+01
2.414545759970081349e+02 9.000000000000000000e+00
2.414550759970081799e+02 1.000000000000000000e+01
2.414555759970081681e+02 9.000000000000000000e+00
2.414560759970082131e+02 8.000000000000000000e+00
2.414565759970082013e+02 5.000000000000000000e+00
2.414570759970082463e+02 1.100000000000000000e+01
2.414575759970082345e+02 7.000000000000000000e+00
2.414580759970082795e+02 8.000000000000000000e+00
2.414585759970082677e+02 8.000000000000000000e+00
2.414590759970083127e+02 7.000000000000000000e+00
2.414595759970083009e+02 1.000000000000000000e+01
2.414600759970083459e+02 6.000000000000000000e+00
2.414605759970083341e+02 6.000000000000000000e+00
2.414610759970083791e+02 8.000000000000000000e+00
2.414615759970083673e+02 7.000000000000000000e+00
2.414620759970084123e+02 3.000000000000000000e+00
2.414625759970084005e+02 1.000000000000000000e+01
2.414630759970084455e+02 7.000000000000000000e+00
2.414635759970084337e+02 5.000000000000000000e+00
2.414640759970084787e+02 8.000000000000000000e+00
2.414645759970084669e+02 8.000000000000000000e+00
2.414650759970085119e+02 7.000000000000000000e+00
2.414655759970085001e+02 8.000000000000000000e+00
2.414660759970085451e+02 1.000000000000000000e+01
2.414665759970085332e+02 1.000000000000000000e+01
2.414670759970085783e+02 7.000000000000000000e+00
2.414675759970085664e+02 9.000000000000000000e+00
2.414680759970086115e+02 1.100000000000000000e+01
2.414685759970085996e+02 4.000000000000000000e+00
2.414690759970086447e+02 3.000000000000000000e+00
2.414695759970086328e+02 7.000000000000000000e+00
2.414700759970086779e+02 1.000000000000000000e+01
2.414705759970086660e+02 1.300000000000000000e+01
2.414710759970087111e+02 1.400000000000000000e+01
2.414715759970086992e+02 6.000000000000000000e+00
2.414720759970087443e+02 6.000000000000000000e+00
2.414725759970087324e+02 8.000000000000000000e+00
2.414730759970087774e+02 8.000000000000000000e+00
2.414735759970087656e+02 6.000000000000000000e+00
2.414740759970088106e+02 7.000000000000000000e+00
2.414745759970087988e+02 7.000000000000000000e+00
2.414750759970088438e+02 1.100000000000000000e+01
2.414755759970088320e+02 9.000000000000000000e+00
2.414760759970088770e+02 7.000000000000000000e+00
2.414765759970088652e+02 1.100000000000000000e+01
2.414770759970089102e+02 7.000000000000000000e+00
2.414775759970088984e+02 1.300000000000000000e+01
2.414780759970089434e+02 1.000000000000000000e+01
2.414785759970089316e+02 1.200000000000000000e+01
2.414790759970089766e+02 8.000000000000000000e+00
2.414795759970089648e+02 6.000000000000000000e+00
2.414800759970090098e+02 1.600000000000000000e+01
2.414805759970089980e+02 1.400000000000000000e+01
2.414810759970090430e+02 1.500000000000000000e+01
2.414815759970090312e+02 1.100000000000000000e+01
2.414820759970090762e+02 1.700000000000000000e+01
2.414825759970090644e+02 5.000000000000000000e+00
2.414830759970091094e+02 1.300000000000000000e+01
2.414835759970090976e+02 8.000000000000000000e+00
2.414840759970091426e+02 1.100000000000000000e+01
2.414845759970091308e+02 1.500000000000000000e+01
2.414850759970091758e+02 1.400000000000000000e+01
2.414855759970091640e+02 1.800000000000000000e+01
2.414860759970092090e+02 1.500000000000000000e+01
2.414865759970091972e+02 1.700000000000000000e+01
2.414870759970092422e+02 1.000000000000000000e+01
2.414875759970092304e+02 1.900000000000000000e+01
2.414880759970092754e+02 1.400000000000000000e+01
2.414885759970092636e+02 1.600000000000000000e+01
2.414890759970093086e+02 9.000000000000000000e+00
2.414895759970092968e+02 7.000000000000000000e+00
2.414900759970093418e+02 7.000000000000000000e+00
2.414905759970093300e+02 7.000000000000000000e+00
2.414910759970093750e+02 1.000000000000000000e+01
2.414915759970093632e+02 1.200000000000000000e+01
2.414920759970094082e+02 9.000000000000000000e+00
2.414925759970093964e+02 8.000000000000000000e+00
2.414930759970094414e+02 6.000000000000000000e+00
2.414935759970094296e+02 1.200000000000000000e+01
2.414940759970094746e+02 8.000000000000000000e+00
2.414945759970094628e+02 1.200000000000000000e+01
2.414950759970095078e+02 6.000000000000000000e+00
2.414955759970094959e+02 9.000000000000000000e+00
2.414960759970095410e+02 6.000000000000000000e+00
2.414965759970095291e+02 7.000000000000000000e+00
2.414970759970095742e+02 7.000000000000000000e+00
2.414975759970095623e+02 9.000000000000000000e+00
2.414980759970096074e+02 1.000000000000000000e+01
2.414985759970095955e+02 7.000000000000000000e+00
2.414990759970096406e+02 1.300000000000000000e+01
2.414995759970096287e+02 9.000000000000000000e+00
2.415000759970096738e+02 7.000000000000000000e+00
2.415005759970096619e+02 7.000000000000000000e+00
2.415010759970097070e+02 6.000000000000000000e+00
2.415015759970096951e+02 7.000000000000000000e+00
2.415020759970097401e+02 7.000000000000000000e+00
2.415025759970097283e+02 5.000000000000000000e+00
2.415030759970097733e+02 9.000000000000000000e+00
2.415035759970097615e+02 7.000000000000000000e+00
2.415040759970098065e+02 6.000000000000000000e+00
2.415045759970097947e+02 8.000000000000000000e+00
2.415050759970098397e+02 9.000000000000000000e+00
2.415055759970098279e+02 3.000000000000000000e+00
2.415060759970098729e+02 8.000000000000000000e+00
2.415065759970098611e+02 3.000000000000000000e+00
2.415070759970099061e+02 8.000000000000000000e+00
2.415075759970098943e+02 8.000000000000000000e+00
2.415080759970099393e+02 5.000000000000000000e+00
2.415085759970099275e+02 4.000000000000000000e+00
2.415090759970099725e+02 9.000000000000000000e+00
2.415095759970099607e+02 4.000000000000000000e+00
2.415100759970100057e+02 7.000000000000000000e+00
2.415105759970099939e+02 6.000000000000000000e+00
2.415110759970100389e+02 5.000000000000000000e+00
2.415115759970100271e+02 6.000000000000000000e+00
2.415120759970100721e+02 8.000000000000000000e+00
2.415125759970100603e+02 1.200000000000000000e+01
2.415130759970101053e+02 5.000000000000000000e+00
2.415135759970100935e+02 1.100000000000000000e+01
2.415140759970101385e+02 6.000000000000000000e+00
2.415145759970101267e+02 6.000000000000000000e+00
2.415150759970101717e+02 6.000000000000000000e+00
2.415155759970101599e+02 9.000000000000000000e+00
2.415160759970102049e+02 8.000000000000000000e+00
2.415165759970101931e+02 2.000000000000000000e+00
2.415170759970102381e+02 9.000000000000000000e+00
2.415175759970102263e+02 1.000000000000000000e+01
2.415180759970102713e+02 8.000000000000000000e+00
2.415185759970102595e+02 8.000000000000000000e+00
2.415190759970103045e+02 8.000000000000000000e+00
2.415195759970102927e+02 1.200000000000000000e+01
2.415200759970103377e+02 6.000000000000000000e+00
2.415205759970103259e+02 1.500000000000000000e+01
2.415210759970103709e+02 2.100000000000000000e+01
2.415215759970103591e+02 3.300000000000000000e+01
2.415220759970104041e+02 2.900000000000000000e+01
2.415225759970103923e+02 2.500000000000000000e+01
2.415230759970104373e+02 2.400000000000000000e+01
2.415235759970104255e+02 3.400000000000000000e+01
2.415240759970104705e+02 2.200000000000000000e+01
2.415245759970104587e+02 2.900000000000000000e+01
2.415250759970105037e+02 2.400000000000000000e+01
2.415255759970104918e+02 2.300000000000000000e+01
2.415260759970105369e+02 1.900000000000000000e+01
2.415265759970105250e+02 2.200000000000000000e+01
2.415270759970105701e+02 2.900000000000000000e+01
2.415275759970105582e+02 3.800000000000000000e+01
2.415280759970106033e+02 4.100000000000000000e+01
2.415285759970105914e+02 3.700000000000000000e+01
2.415290759970106365e+02 3.300000000000000000e+01
2.415295759970106246e+02 3.600000000000000000e+01
2.415300759970106697e+02 4.000000000000000000e+01
2.415305759970106578e+02 3.200000000000000000e+01
2.415310759970107028e+02 3.300000000000000000e+01
2.415315759970106910e+02 2.300000000000000000e+01
2.415320759970107360e+02 2.900000000000000000e+01
2.415325759970107242e+02 2.700000000000000000e+01
2.415330759970107692e+02 2.400000000000000000e+01
2.415335759970107574e+02 2.400000000000000000e+01
2.415340759970108024e+02 2.100000000000000000e+01
2.415345759970107906e+02 1.500000000000000000e+01
2.415350759970108356e+02 2.700000000000000000e+01
2.415355759970108238e+02 1.400000000000000000e+01
2.415360759970108688e+02 1.600000000000000000e+01
2.415365759970108570e+02 1.900000000000000000e+01
2.415370759970109020e+02 1.900000000000000000e+01
2.415375759970108902e+02 1.700000000000000000e+01
2.415380759970109352e+02 1.300000000000000000e+01
2.415385759970109234e+02 1.700000000000000000e+01
2.415390759970109684e+02 3.000000000000000000e+00
2.415395759970109566e+02 1.600000000000000000e+01
2.415400759970110016e+02 1.100000000000000000e+01
2.415405759970109898e+02 1.500000000000000000e+01
2.415410759970110348e+02 1.500000000000000000e+01
2.415415759970110230e+02 2.000000000000000000e+01
2.415420759970110680e+02 1.400000000000000000e+01
2.415425759970110562e+02 1.700000000000000000e+01
2.415430759970111012e+02 1.200000000000000000e+01
2.415435759970110894e+02 8.000000000000000000e+00
2.415440759970111344e+02 1.300000000000000000e+01
2.415445759970111226e+02 1.000000000000000000e+01
2.415450759970111676e+02 6.000000000000000000e+00
2.415455759970111558e+02 9.000000000000000000e+00
2.415460759970112008e+02 1.100000000000000000e+01
2.415465759970111890e+02 9.000000000000000000e+00
2.415470759970112340e+02 8.000000000000000000e+00
2.415475759970112222e+02 1.000000000000000000e+01
2.415480759970112672e+02 7.000000000000000000e+00
2.415485759970112554e+02 1.100000000000000000e+01
2.415490759970113004e+02 3.000000000000000000e+00
2.415495759970112886e+02 6.000000000000000000e+00
2.415500759970113336e+02 5.000000000000000000e+00
2.415505759970113218e+02 3.000000000000000000e+00
2.415510759970113668e+02 1.000000000000000000e+01
2.415515759970113550e+02 7.000000000000000000e+00
2.415520759970114000e+02 6.000000000000000000e+00
2.415525759970113882e+02 4.000000000000000000e+00
2.415530759970114332e+02 2.000000000000000000e+00
2.415535759970114214e+02 8.000000000000000000e+00
2.415540759970114664e+02 4.000000000000000000e+00
2.415545759970114545e+02 8.000000000000000000e+00
2.415550759970114996e+02 5.000000000000000000e+00
2.415555759970114877e+02 8.000000000000000000e+00
2.415560759970115328e+02 6.000000000000000000e+00
2.415565759970115209e+02 5.000000000000000000e+00
2.415570759970115660e+02 7.000000000000000000e+00
2.415575759970115541e+02 5.000000000000000000e+00
2.415580759970115992e+02 8.000000000000000000e+00
2.415585759970115873e+02 7.000000000000000000e+00
2.415590759970116324e+02 5.000000000000000000e+00
2.415595759970116205e+02 6.000000000000000000e+00
2.415600759970116655e+02 6.000000000000000000e+00
2.415605759970116537e+02 9.000000000000000000e+00
2.415610759970116987e+02 5.000000000000000000e+00
2.415615759970116869e+02 3.000000000000000000e+00
2.415620759970117319e+02 7.000000000000000000e+00
2.415625759970117201e+02 4.000000000000000000e+00
2.415630759970117651e+02 9.000000000000000000e+00
2.415635759970117533e+02 2.000000000000000000e+00
2.415640759970117983e+02 6.000000000000000000e+00
2.415645759970117865e+02 1.000000000000000000e+01
2.415650759970118315e+02 3.000000000000000000e+00
2.415655759970118197e+02 6.000000000000000000e+00
2.415660759970118647e+02 4.000000000000000000e+00
2.415665759970118529e+02 6.000000000000000000e+00
2.415670759970118979e+02 4.000000000000000000e+00
2.415675759970118861e+02 7.000000000000000000e+00
2.415680759970119311e+02 7.000000000000000000e+00
2.415685759970119193e+02 6.000000000000000000e+00
2.415690759970119643e+02 5.000000000000000000e+00
2.415695759970119525e+02 5.000000000000000000e+00
2.415700759970119975e+02 4.000000000000000000e+00
2.415705759970119857e+02 4.000000000000000000e+00
2.415710759970120307e+02 8.000000000000000000e+00
2.415715759970120189e+02 3.000000000000000000e+00
2.415720759970120639e+02 6.000000000000000000e+00
2.415725759970120521e+02 5.000000000000000000e+00
2.415730759970120971e+02 2.000000000000000000e+00
2.415735759970120853e+02 2.000000000000000000e+00
2.415740759970121303e+02 3.000000000000000000e+00
2.415745759970121185e+02 7.000000000000000000e+00
2.415750759970121635e+02 4.000000000000000000e+00
2.415755759970121517e+02 8.000000000000000000e+00
2.415760759970121967e+02 7.000000000000000000e+00
2.415765759970121849e+02 7.000000000000000000e+00
2.415770759970122299e+02 7.000000000000000000e+00
2.415775759970122181e+02 4.000000000000000000e+00
2.415780759970122631e+02 5.000000000000000000e+00
2.415785759970122513e+02 6.000000000000000000e+00
2.415790759970122963e+02 3.000000000000000000e+00
2.415795759970122845e+02 6.000000000000000000e+00
2.415800759970123295e+02 6.000000000000000000e+00
2.415805759970123177e+02 5.000000000000000000e+00
2.415810759970123627e+02 4.000000000000000000e+00
2.415815759970123509e+02 4.000000000000000000e+00
2.415820759970123959e+02 5.000000000000000000e+00
2.415825759970123841e+02 5.000000000000000000e+00
2.415830759970124291e+02 6.000000000000000000e+00
2.415835759970124172e+02 6.000000000000000000e+00
2.415840759970124623e+02 4.000000000000000000e+00
2.415845759970124504e+02 8.000000000000000000e+00
2.415850759970124955e+02 8.000000000000000000e+00
2.415855759970124836e+02 5.000000000000000000e+00
2.415860759970125287e+02 1.000000000000000000e+00
2.415865759970125168e+02 3.000000000000000000e+00
2.415870759970125619e+02 3.000000000000000000e+00
2.415875759970125500e+02 4.000000000000000000e+00
2.415880759970125951e+02 4.000000000000000000e+00
2.415885759970125832e+02 5.000000000000000000e+00
2.415890759970126282e+02 6.000000000000000000e+00
2.415895759970126164e+02 6.000000000000000000e+00
2.415900759970126614e+02 4.000000000000000000e+00
2.415905759970126496e+02 3.000000000000000000e+00
2.415910759970126946e+02 3.000000000000000000e+00
2.415915759970126828e+02 6.000000000000000000e+00
2.415920759970127278e+02 6.000000000000000000e+00
2.415925759970127160e+02 7.000000000000000000e+00
2.415930759970127610e+02 7.000000000000000000e+00
2.415935759970127492e+02 5.000000000000000000e+00
2.415940759970127942e+02 1.000000000000000000e+01
2.415945759970127824e+02 6.000000000000000000e+00
2.415950759970128274e+02 8.000000000000000000e+00
2.415955759970128156e+02 7.000000000000000000e+00
2.415960759970128606e+02 5.000000000000000000e+00
2.415965759970128488e+02 7.000000000000000000e+00
2.415970759970128938e+02 9.000000000000000000e+00
2.415975759970128820e+02 3.000000000000000000e+00
2.415980759970129270e+02 8.000000000000000000e+00
2.415985759970129152e+02 1.100000000000000000e+01
2.415990759970129602e+02 4.000000000000000000e+00
2.415995759970129484e+02 7.000000000000000000e+00
2.416000759970129934e+02 7.000000000000000000e+00
2.416005759970129816e+02 1.200000000000000000e+01
2.416010759970130266e+02 2.000000000000000000e+00
2.416015759970130148e+02 3.000000000000000000e+00
2.416020759970130598e+02 4.000000000000000000e+00
2.416025759970130480e+02 2.000000000000000000e+00
2.416030759970130930e+02 7.000000000000000000e+00
2.416035759970130812e+02 4.000000000000000000e+00
2.416040759970131262e+02 7.000000000000000000e+00
2.416045759970131144e+02 2.000000000000000000e+00
2.416050759970131594e+02 5.000000000000000000e+00
2.416055759970131476e+02 7.000000000000000000e+00
2.416060759970131926e+02 2.000000000000000000e+00
2.416065759970131808e+02 5.000000000000000000e+00
2.416070759970132258e+02 3.000000000000000000e+00
2.416075759970132140e+02 1.000000000000000000e+00
2.416080759970132590e+02 1.000000000000000000e+01
2.416085759970132472e+02 3.000000000000000000e+00
2.416090759970132922e+02 1.000000000000000000e+00
2.416095759970132804e+02 3.000000000000000000e+00
2.416100759970133254e+02 6.000000000000000000e+00
2.416105759970133136e+02 6.000000000000000000e+00
2.416110759970133586e+02 8.000000000000000000e+00
2.416115759970133468e+02 5.000000000000000000e+00
2.416120759970133918e+02 0.000000000000000000e+00
2.416125759970133799e+02 1.000000000000000000e+00
2.416130759970134250e+02 5.000000000000000000e+00
2.416135759970134131e+02 3.000000000000000000e+00
2.416140759970134582e+02 3.000000000000000000e+00
2.416145759970134463e+02 4.000000000000000000e+00
2.416150759970134914e+02 3.000000000000000000e+00
2.416155759970134795e+02 1.000000000000000000e+00
2.416160759970135246e+02 4.000000000000000000e+00
2.416165759970135127e+02 2.000000000000000000e+00
2.416170759970135578e+02 5.000000000000000000e+00
2.416175759970135459e+02 1.000000000000000000e+00
2.416180759970135909e+02 3.000000000000000000e+00
2.416185759970135791e+02 1.000000000000000000e+00
2.416190759970136241e+02 7.000000000000000000e+00
2.416195759970136123e+02 4.000000000000000000e+00
2.416200759970136573e+02 4.000000000000000000e+00
2.416205759970136455e+02 5.000000000000000000e+00
2.416210759970136905e+02 3.000000000000000000e+00
2.416215759970136787e+02 2.000000000000000000e+00
2.416220759970137237e+02 6.000000000000000000e+00
2.416225759970137119e+02 4.000000000000000000e+00
2.416230759970137569e+02 3.000000000000000000e+00
2.416235759970137451e+02 4.000000000000000000e+00
2.416240759970137901e+02 6.000000000000000000e+00
2.416245759970137783e+02 4.000000000000000000e+00
2.416250759970138233e+02 8.000000000000000000e+00
2.416255759970138115e+02 6.000000000000000000e+00
2.416260759970138565e+02 6.000000000000000000e+00
2.416265759970138447e+02 3.000000000000000000e+00
2.416270759970138897e+02 2.000000000000000000e+00
2.416275759970138779e+02 5.000000000000000000e+00
2.416280759970139229e+02 5.000000000000000000e+00
2.416285759970139111e+02 3.000000000000000000e+00
2.416290759970139561e+02 4.000000000000000000e+00
2.416295759970139443e+02 2.000000000000000000e+00
2.416300759970139893e+02 4.000000000000000000e+00
2.416305759970139775e+02 3.000000000000000000e+00
2.416310759970140225e+02 4.000000000000000000e+00
2.416315759970140107e+02 2.000000000000000000e+00
2.416320759970140557e+02 9.000000000000000000e+00
2.416325759970140439e+02 3.000000000000000000e+00
2.416330759970140889e+02 2.000000000000000000e+00
2.416335759970140771e+02 2.000000000000000000e+00
2.416340759970141221e+02 3.000000000000000000e+00
2.416345759970141103e+02 1.000000000000000000e+00
2.416350759970141553e+02 5.000000000000000000e+00
2.416355759970141435e+02 6.000000000000000000e+00
2.416360759970141885e+02 4.000000000000000000e+00
2.416365759970141767e+02 8.000000000000000000e+00
2.416370759970142217e+02 2.000000000000000000e+00
2.416375759970142099e+02 5.000000000000000000e+00
2.416380759970142549e+02 2.000000000000000000e+00
2.416385759970142431e+02 3.000000000000000000e+00
2.416390759970142881e+02 0.000000000000000000e+00
2.416395759970142763e+02 2.000000000000000000e+00
2.416400759970143213e+02 3.000000000000000000e+00
2.416405759970143095e+02 2.000000000000000000e+00
2.416410759970143545e+02 3.000000000000000000e+00
2.416415759970143426e+02 5.000000000000000000e+00
2.416420759970143877e+02 3.000000000000000000e+00
2.416425759970143758e+02 1.000000000000000000e+00
2.416430759970144209e+02 2.000000000000000000e+00
2.416435759970144090e+02 5.000000000000000000e+00
2.416440759970144541e+02 4.000000000000000000e+00
2.416445759970144422e+02 7.000000000000000000e+00
2.416450759970144873e+02 1.000000000000000000e+00
2.416455759970144754e+02 3.000000000000000000e+00
2.416460759970145205e+02 4.000000000000000000e+00
2.416465759970145086e+02 4.000000000000000000e+00
2.416470759970145536e+02 3.000000000000000000e+00
2.416475759970145418e+02 2.000000000000000000e+00
2.416480759970145868e+02 3.000000000000000000e+00
2.416485759970145750e+02 3.000000000000000000e+00
2.416490759970146200e+02 5.000000000000000000e+00
2.416495759970146082e+02 6.000000000000000000e+00
2.416500759970146532e+02 2.000000000000000000e+00
2.416505759970146414e+02 3.000000000000000000e+00
2.416510759970146864e+02 1.000000000000000000e+00
2.416515759970146746e+02 5.000000000000000000e+00
2.416520759970147196e+02 5.000000000000000000e+00
2.416525759970147078e+02 5.000000000000000000e+00
2.416530759970147528e+02 3.000000000000000000e+00
2.416535759970147410e+02 2.000000000000000000e+00
2.416540759970147860e+02 1.000000000000000000e+00
2.416545759970147742e+02 6.000000000000000000e+00
2.416550759970148192e+02 6.000000000000000000e+00
2.416555759970148074e+02 1.000000000000000000e+00
2.416560759970148524e+02 1.000000000000000000e+00
2.416565759970148406e+02 3.000000000000000000e+00
2.416570759970148856e+02 7.000000000000000000e+00
2.416575759970148738e+02 2.000000000000000000e+00
2.416580759970149188e+02 5.000000000000000000e+00
2.416585759970149070e+02 5.000000000000000000e+00
2.416590759970149520e+02 4.000000000000000000e+00
2.416595759970149402e+02 5.000000000000000000e+00
2.416600759970149852e+02 4.000000000000000000e+00
2.416605759970149734e+02 3.000000000000000000e+00
2.416610759970150184e+02 3.000000000000000000e+00
2.416615759970150066e+02 2.000000000000000000e+00
2.416620759970150516e+02 5.000000000000000000e+00
2.416625759970150398e+02 6.000000000000000000e+00
2.416630759970150848e+02 2.000000000000000000e+00
2.416635759970150730e+02 3.000000000000000000e+00
2.416640759970151180e+02 5.000000000000000000e+00
2.416645759970151062e+02 6.000000000000000000e+00
2.416650759970151512e+02 3.000000000000000000e+00
2.416655759970151394e+02 5.000000000000000000e+00
2.416660759970151844e+02 2.000000000000000000e+00
2.416665759970151726e+02 4.000000000000000000e+00
2.416670759970152176e+02 2.000000000000000000e+00
2.416675759970152058e+02 3.000000000000000000e+00
2.416680759970152508e+02 5.000000000000000000e+00
2.416685759970152390e+02 7.000000000000000000e+00
2.416690759970152840e+02 1.000000000000000000e+00
2.416695759970152722e+02 5.000000000000000000e+00
2.416700759970153172e+02 1.000000000000000000e+00
2.416705759970153053e+02 4.000000000000000000e+00
2.416710759970153504e+02 3.000000000000000000e+00
2.416715759970153385e+02 7.000000000000000000e+00
2.416720759970153836e+02 4.000000000000000000e+00
2.416725759970153717e+02 3.000000000000000000e+00
2.416730759970154168e+02 3.000000000000000000e+00
2.416735759970154049e+02 2.000000000000000000e+00
2.416740759970154500e+02 7.000000000000000000e+00
2.416745759970154381e+02 2.000000000000000000e+00
2.416750759970154832e+02 2.000000000000000000e+00
2.416755759970154713e+02 2.000000000000000000e+00
2.416760759970155164e+02 4.000000000000000000e+00
2.416765759970155045e+02 1.000000000000000000e+00
2.416770759970155495e+02 5.000000000000000000e+00
2.416775759970155377e+02 3.000000000000000000e+00
2.416780759970155827e+02 8.000000000000000000e+00
2.416785759970155709e+02 4.000000000000000000e+00
2.416790759970156159e+02 6.000000000000000000e+00
2.416795759970156041e+02 6.000000000000000000e+00
2.416800759970156491e+02 7.000000000000000000e+00
2.416805759970156373e+02 3.000000000000000000e+00
2.416810759970156823e+02 5.000000000000000000e+00
2.416815759970156705e+02 3.000000000000000000e+00
2.416820759970157155e+02 2.000000000000000000e+00
2.416825759970157037e+02 5.000000000000000000e+00
2.416830759970157487e+02 4.000000000000000000e+00
2.416835759970157369e+02 5.000000000000000000e+00
2.416840759970157819e+02 3.000000000000000000e+00
2.416845759970157701e+02 8.000000000000000000e+00
2.416850759970158151e+02 5.000000000000000000e+00
2.416855759970158033e+02 4.000000000000000000e+00
2.416860759970158483e+02 8.000000000000000000e+00
2.416865759970158365e+02 6.000000000000000000e+00
2.416870759970158815e+02 8.000000000000000000e+00
2.416875759970158697e+02 7.000000000000000000e+00
2.416880759970159147e+02 3.000000000000000000e+00
2.416885759970159029e+02 3.000000000000000000e+00
2.416890759970159479e+02 1.100000000000000000e+01
2.416895759970159361e+02 7.000000000000000000e+00
2.416900759970159811e+02 4.000000000000000000e+00
2.416905759970159693e+02 5.000000000000000000e+00
2.416910759970160143e+02 5.000000000000000000e+00
2.416915759970160025e+02 4.000000000000000000e+00
2.416920759970160475e+02 3.000000000000000000e+00
2.416925759970160357e+02 9.000000000000000000e+00
2.416930759970160807e+02 4.000000000000000000e+00
2.416935759970160689e+02 3.000000000000000000e+00
2.416940759970161139e+02 4.000000000000000000e+00
2.416945759970161021e+02 1.000000000000000000e+01
2.416950759970161471e+02 6.000000000000000000e+00
2.416955759970161353e+02 5.000000000000000000e+00
2.416960759970161803e+02 3.000000000000000000e+00
2.416965759970161685e+02 8.000000000000000000e+00
2.416970759970162135e+02 4.000000000000000000e+00
2.416975759970162017e+02 8.000000000000000000e+00
2.416980759970162467e+02 4.000000000000000000e+00
2.416985759970162349e+02 6.000000000000000000e+00
2.416990759970162799e+02 4.000000000000000000e+00
2.416995759970162680e+02 4.000000000000000000e+00
2.417000759970163131e+02 3.000000000000000000e+00
2.417005759970163012e+02 8.000000000000000000e+00
2.417010759970163463e+02 6.000000000000000000e+00
2.417015759970163344e+02 3.000000000000000000e+00
2.417020759970163795e+02 8.000000000000000000e+00
2.417025759970163676e+02 5.000000000000000000e+00
2.417030759970164127e+02 9.000000000000000000e+00
2.417035759970164008e+02 6.000000000000000000e+00
2.417040759970164459e+02 4.000000000000000000e+00
2.417045759970164340e+02 2.000000000000000000e+00
2.417050759970164791e+02 5.000000000000000000e+00
2.417055759970164672e+02 1.000000000000000000e+00
2.417060759970165122e+02 3.000000000000000000e+00
2.417065759970165004e+02 7.000000000000000000e+00
2.417070759970165454e+02 3.000000000000000000e+00
2.417075759970165336e+02 8.000000000000000000e+00
2.417080759970165786e+02 3.000000000000000000e+00
2.417085759970165668e+02 4.000000000000000000e+00
2.417090759970166118e+02 4.000000000000000000e+00
2.417095759970166000e+02 3.000000000000000000e+00
2.417100759970166450e+02 4.000000000000000000e+00
2.417105759970166332e+02 5.000000000000000000e+00
2.417110759970166782e+02 6.000000000000000000e+00
2.417115759970166664e+02 4.000000000000000000e+00
2.417120759970167114e+02 3.000000000000000000e+00
2.417125759970166996e+02 4.000000000000000000e+00
2.417130759970167446e+02 6.000000000000000000e+00
2.417135759970167328e+02 3.000000000000000000e+00
2.417140759970167778e+02 6.000000000000000000e+00
2.417145759970167660e+02 7.000000000000000000e+00
2.417150759970168110e+02 5.000000000000000000e+00
2.417155759970167992e+02 5.000000000000000000e+00
2.417160759970168442e+02 4.000000000000000000e+00
2.417165759970168324e+02 3.000000000000000000e+00
2.417170759970168774e+02 2.000000000000000000e+00
2.417175759970168656e+02 4.000000000000000000e+00
2.417180759970169106e+02 4.000000000000000000e+00
2.417185759970168988e+02 8.000000000000000000e+00
2.417190759970169438e+02 5.000000000000000000e+00
2.417195759970169320e+02 5.000000000000000000e+00
2.417200759970169770e+02 4.000000000000000000e+00
2.417205759970169652e+02 2.000000000000000000e+00
2.417210759970170102e+02 4.000000000000000000e+00
2.417215759970169984e+02 5.000000000000000000e+00
2.417220759970170434e+02 7.000000000000000000e+00
2.417225759970170316e+02 8.000000000000000000e+00
2.417230759970170766e+02 7.000000000000000000e+00
2.417235759970170648e+02 5.000000000000000000e+00
2.417240759970171098e+02 4.000000000000000000e+00
2.417245759970170980e+02 7.000000000000000000e+00
2.417250759970171430e+02 4.000000000000000000e+00
2.417255759970171312e+02 6.000000000000000000e+00
2.417260759970171762e+02 5.000000000000000000e+00
2.417265759970171644e+02 6.000000000000000000e+00
2.417270759970172094e+02 3.000000000000000000e+00
2.417275759970171976e+02 4.000000000000000000e+00
2.417280759970172426e+02 6.000000000000000000e+00
2.417285759970172307e+02 1.000000000000000000e+01
2.417290759970172758e+02 6.000000000000000000e+00
2.417295759970172639e+02 1.000000000000000000e+00
2.417300759970173090e+02 3.000000000000000000e+00
2.417305759970172971e+02 9.000000000000000000e+00
2.417310759970173422e+02 6.000000000000000000e+00
2.417315759970173303e+02 1.000000000000000000e+00
2.417320759970173754e+02 5.000000000000000000e+00
2.417325759970173635e+02 6.000000000000000000e+00
2.417330759970174086e+02 4.000000000000000000e+00
2.417335759970173967e+02 4.000000000000000000e+00
2.417340759970174418e+02 2.000000000000000000e+00
2.417345759970174299e+02 5.000000000000000000e+00
2.417350759970174749e+02 9.000000000000000000e+00
2.417355759970174631e+02 5.000000000000000000e+00
2.417360759970175081e+02 1.500000000000000000e+01
2.417365759970174963e+02 9.000000000000000000e+00
2.417370759970175413e+02 7.000000000000000000e+00
2.417375759970175295e+02 1.400000000000000000e+01
2.417380759970175745e+02 1.400000000000000000e+01
2.417385759970175627e+02 6.000000000000000000e+00
2.417390759970176077e+02 7.000000000000000000e+00
2.417395759970175959e+02 5.000000000000000000e+00
2.417400759970176409e+02 3.000000000000000000e+00
2.417405759970176291e+02 3.000000000000000000e+00
2.417410759970176741e+02 5.000000000000000000e+00
2.417415759970176623e+02 9.000000000000000000e+00
2.417420759970177073e+02 7.000000000000000000e+00
2.417425759970176955e+02 8.000000000000000000e+00
2.417430759970177405e+02 9.000000000000000000e+00
2.417435759970177287e+02 7.000000000000000000e+00
2.417440759970177737e+02 8.000000000000000000e+00
2.417445759970177619e+02 6.000000000000000000e+00
2.417450759970178069e+02 5.000000000000000000e+00
2.417455759970177951e+02 6.000000000000000000e+00
2.417460759970178401e+02 4.000000000000000000e+00
2.417465759970178283e+02 9.000000000000000000e+00
2.417470759970178733e+02 3.000000000000000000e+00
2.417475759970178615e+02 4.000000000000000000e+00
2.417480759970179065e+02 6.000000000000000000e+00
2.417485759970178947e+02 4.000000000000000000e+00
2.417490759970179397e+02 5.000000000000000000e+00
2.417495759970179279e+02 4.000000000000000000e+00
2.417500759970179729e+02 9.000000000000000000e+00
2.417505759970179611e+02 6.000000000000000000e+00
2.417510759970180061e+02 7.000000000000000000e+00
2.417515759970179943e+02 7.000000000000000000e+00
2.417520759970180393e+02 1.000000000000000000e+01
2.417525759970180275e+02 3.000000000000000000e+00
2.417530759970180725e+02 1.000000000000000000e+01
2.417535759970180607e+02 1.000000000000000000e+00
2.417540759970181057e+02 6.000000000000000000e+00
2.417545759970180939e+02 1.400000000000000000e+01
2.417550759970181389e+02 8.000000000000000000e+00
2.417555759970181271e+02 7.000000000000000000e+00
2.417560759970181721e+02 1.200000000000000000e+01
2.417565759970181603e+02 1.300000000000000000e+01
2.417570759970182053e+02 7.000000000000000000e+00
2.417575759970181934e+02 1.100000000000000000e+01
2.417580759970182385e+02 9.000000000000000000e+00
2.417585759970182266e+02 1.000000000000000000e+01
2.417590759970182717e+02 7.000000000000000000e+00
2.417595759970182598e+02 1.100000000000000000e+01
2.417600759970183049e+02 1.000000000000000000e+00
2.417605759970182930e+02 7.000000000000000000e+00
2.417610759970183381e+02 5.000000000000000000e+00
2.417615759970183262e+02 3.000000000000000000e+00
2.417620759970183713e+02 8.000000000000000000e+00
2.417625759970183594e+02 4.000000000000000000e+00
2.417630759970184045e+02 2.000000000000000000e+00
2.417635759970183926e+02 6.000000000000000000e+00
2.417640759970184376e+02 8.000000000000000000e+00
2.417645759970184258e+02 3.000000000000000000e+00
2.417650759970184708e+02 3.000000000000000000e+00
2.417655759970184590e+02 4.000000000000000000e+00
2.417660759970185040e+02 6.000000000000000000e+00
2.417665759970184922e+02 6.000000000000000000e+00
2.417670759970185372e+02 3.000000000000000000e+00
2.417675759970185254e+02 4.000000000000000000e+00
2.417680759970185704e+02 6.000000000000000000e+00
2.417685759970185586e+02 5.000000000000000000e+00
2.417690759970186036e+02 5.000000000000000000e+00
2.417695759970185918e+02 6.000000000000000000e+00
2.417700759970186368e+02 6.000000000000000000e+00
2.417705759970186250e+02 4.000000000000000000e+00
2.417710759970186700e+02 5.000000000000000000e+00
2.417715759970186582e+02 5.000000000000000000e+00
2.417720759970187032e+02 6.000000000000000000e+00
2.417725759970186914e+02 4.000000000000000000e+00
2.417730759970187364e+02 6.000000000000000000e+00
2.417735759970187246e+02 5.000000000000000000e+00
2.417740759970187696e+02 4.000000000000000000e+00
2.417745759970187578e+02 5.000000000000000000e+00
2.417750759970188028e+02 1.000000000000000000e+00
2.417755759970187910e+02 9.000000000000000000e+00
2.417760759970188360e+02 4.000000000000000000e+00
2.417765759970188242e+02 4.000000000000000000e+00
2.417770759970188692e+02 4.000000000000000000e+00
2.417775759970188574e+02 6.000000000000000000e+00
2.417780759970189024e+02 5.000000000000000000e+00
2.417785759970188906e+02 3.000000000000000000e+00
2.417790759970189356e+02 9.000000000000000000e+00
2.417795759970189238e+02 2.000000000000000000e+00
2.417800759970189688e+02 4.000000000000000000e+00
2.417805759970189570e+02 5.000000000000000000e+00
2.417810759970190020e+02 1.000000000000000000e+00
2.417815759970189902e+02 3.000000000000000000e+00
2.417820759970190352e+02 3.000000000000000000e+00
2.417825759970190234e+02 5.000000000000000000e+00
2.417830759970190684e+02 4.000000000000000000e+00
2.417835759970190566e+02 3.000000000000000000e+00
2.417840759970191016e+02 6.000000000000000000e+00
2.417845759970190898e+02 5.000000000000000000e+00
2.417850759970191348e+02 4.000000000000000000e+00
2.417855759970191230e+02 5.000000000000000000e+00
2.417860759970191680e+02 3.000000000000000000e+00
2.417865759970191561e+02 3.000000000000000000e+00
2.417870759970192012e+02 4.000000000000000000e+00
2.417875759970191893e+02 7.000000000000000000e+00
2.417880759970192344e+02 2.000000000000000000e+00
2.417885759970192225e+02 5.000000000000000000e+00
2.417890759970192676e+02 6.000000000000000000e+00
2.417895759970192557e+02 4.000000000000000000e+00
2.417900759970193008e+02 5.000000000000000000e+00
2.417905759970192889e+02 1.000000000000000000e+01
2.417910759970193340e+02 7.000000000000000000e+00
2.417915759970193221e+02 4.000000000000000000e+00
2.417920759970193672e+02 4.000000000000000000e+00
2.417925759970193553e+02 2.000000000000000000e+00
2.417930759970194003e+02 2.000000000000000000e+00
2.417935759970193885e+02 1.000000000000000000e+00
2.417940759970194335e+02 5.000000000000000000e+00
2.417945759970194217e+02 5.000000000000000000e+00
2.417950759970194667e+02 6.000000000000000000e+00
2.417955759970194549e+02 4.000000000000000000e+00
2.417960759970194999e+02 7.000000000000000000e+00
2.417965759970194881e+02 6.000000000000000000e+00
2.417970759970195331e+02 6.000000000000000000e+00
2.417975759970195213e+02 1.000000000000000000e+00
2.417980759970195663e+02 3.000000000000000000e+00
2.417985759970195545e+02 5.000000000000000000e+00
2.417990759970195995e+02 3.000000000000000000e+00
2.417995759970195877e+02 3.000000000000000000e+00
2.418000759970196327e+02 6.000000000000000000e+00
2.418005759970196209e+02 3.000000000000000000e+00
2.418010759970196659e+02 5.000000000000000000e+00
2.418015759970196541e+02 2.000000000000000000e+00
2.418020759970196991e+02 2.000000000000000000e+00
2.418025759970196873e+02 5.000000000000000000e+00
2.418030759970197323e+02 4.000000000000000000e+00
2.418035759970197205e+02 3.000000000000000000e+00
2.418040759970197655e+02 6.000000000000000000e+00
2.418045759970197537e+02 2.000000000000000000e+00
2.418050759970197987e+02 1.000000000000000000e+00
2.418055759970197869e+02 1.000000000000000000e+00
2.418060759970198319e+02 1.000000000000000000e+00
2.418065759970198201e+02 8.000000000000000000e+00
2.418070759970198651e+02 2.000000000000000000e+00
2.418075759970198533e+02 3.000000000000000000e+00
2.418080759970198983e+02 3.000000000000000000e+00
2.418085759970198865e+02 5.000000000000000000e+00
2.418090759970199315e+02 0.000000000000000000e+00
2.418095759970199197e+02 3.000000000000000000e+00
2.418100759970199647e+02 3.000000000000000000e+00
2.418105759970199529e+02 1.000000000000000000e+00
2.418110759970199979e+02 2.000000000000000000e+00
2.418115759970199861e+02 2.000000000000000000e+00
2.418120759970200311e+02 6.000000000000000000e+00
2.418125759970200193e+02 2.000000000000000000e+00
2.418130759970200643e+02 1.000000000000000000e+00
2.418135759970200525e+02 6.000000000000000000e+00
2.418140759970200975e+02 7.000000000000000000e+00
2.418145759970200857e+02 6.000000000000000000e+00
2.418150759970201307e+02 1.000000000000000000e+00
2.418155759970201188e+02 2.000000000000000000e+00
2.418160759970201639e+02 2.000000000000000000e+00
2.418165759970201520e+02 3.000000000000000000e+00
2.418170759970201971e+02 3.000000000000000000e+00
2.418175759970201852e+02 6.000000000000000000e+00
2.418180759970202303e+02 2.000000000000000000e+00
2.418185759970202184e+02 1.000000000000000000e+00
2.418190759970202635e+02 2.000000000000000000e+00
2.418195759970202516e+02 1.000000000000000000e+00
2.418200759970202967e+02 3.000000000000000000e+00
2.418205759970202848e+02 5.000000000000000000e+00
2.418210759970203299e+02 4.000000000000000000e+00
2.418215759970203180e+02 5.000000000000000000e+00
2.418220759970203630e+02 3.000000000000000000e+00
2.418225759970203512e+02 0.000000000000000000e+00
2.418230759970203962e+02 4.000000000000000000e+00
2.418235759970203844e+02 3.000000000000000000e+00
2.418240759970204294e+02 4.000000000000000000e+00
2.418245759970204176e+02 4.000000000000000000e+00
2.418250759970204626e+02 2.000000000000000000e+00
2.418255759970204508e+02 4.000000000000000000e+00
2.418260759970204958e+02 2.000000000000000000e+00
2.418265759970204840e+02 2.000000000000000000e+00
2.418270759970205290e+02 1.000000000000000000e+00
2.418275759970205172e+02 4.000000000000000000e+00
2.418280759970205622e+02 2.000000000000000000e+00
2.418285759970205504e+02 3.000000000000000000e+00
2.418290759970205954e+02 4.000000000000000000e+00
2.418295759970205836e+02 2.000000000000000000e+00
2.418300759970206286e+02 3.000000000000000000e+00
2.418305759970206168e+02 5.000000000000000000e+00
2.418310759970206618e+02 3.000000000000000000e+00
2.418315759970206500e+02 4.000000000000000000e+00
2.418320759970206950e+02 1.000000000000000000e+00
2.418325759970206832e+02 4.000000000000000000e+00
2.418330759970207282e+02 1.000000000000000000e+00
2.418335759970207164e+02 7.000000000000000000e+00
2.418340759970207614e+02 6.000000000000000000e+00
2.418345759970207496e+02 3.000000000000000000e+00
2.418350759970207946e+02 2.000000000000000000e+00
2.418355759970207828e+02 4.000000000000000000e+00
2.418360759970208278e+02 4.000000000000000000e+00
2.418365759970208160e+02 2.000000000000000000e+00
2.418370759970208610e+02 2.000000000000000000e+00
2.418375759970208492e+02 4.000000000000000000e+00
2.418380759970208942e+02 2.000000000000000000e+00
2.418385759970208824e+02 7.000000000000000000e+00
2.418390759970209274e+02 1.000000000000000000e+00
2.418395759970209156e+02 2.000000000000000000e+00
2.418400759970209606e+02 2.000000000000000000e+00
2.418405759970209488e+02 3.000000000000000000e+00
2.418410759970209938e+02 3.000000000000000000e+00
2.418415759970209820e+02 2.000000000000000000e+00
2.418420759970210270e+02 5.000000000000000000e+00
2.418425759970210152e+02 5.000000000000000000e+00
2.418430759970210602e+02 5.000000000000000000e+00
2.418435759970210484e+02 2.000000000000000000e+00
2.418440759970210934e+02 2.000000000000000000e+00
2.418445759970210815e+02 0.000000000000000000e+00
2.418450759970211266e+02 1.000000000000000000e+00
2.418455759970211147e+02 3.000000000000000000e+00
2.418460759970211598e+02 3.000000000000000000e+00
2.418465759970211479e+02 6.000000000000000000e+00
2.418470759970211930e+02 3.000000000000000000e+00
2.418475759970211811e+02 3.000000000000000000e+00
2.418480759970212262e+02 3.000000000000000000e+00
2.418485759970212143e+02 5.000000000000000000e+00
2.418490759970212594e+02 2.000000000000000000e+00
2.418495759970212475e+02 4.000000000000000000e+00
2.418500759970212926e+02 4.000000000000000000e+00
2.418505759970212807e+02 3.000000000000000000e+00
2.418510759970213257e+02 3.000000000000000000e+00
2.418515759970213139e+02 3.000000000000000000e+00
2.418520759970213589e+02 4.000000000000000000e+00
2.418525759970213471e+02 6.000000000000000000e+00
2.418530759970213921e+02 2.000000000000000000e+00
2.418535759970213803e+02 0.000000000000000000e+00
2.418540759970214253e+02 1.000000000000000000e+00
2.418545759970214135e+02 3.000000000000000000e+00
2.418550759970214585e+02 6.000000000000000000e+00
2.418555759970214467e+02 5.000000000000000000e+00
2.418560759970214917e+02 1.000000000000000000e+00
2.418565759970214799e+02 3.000000000000000000e+00
2.418570759970215249e+02 3.000000000000000000e+00
2.418575759970215131e+02 1.000000000000000000e+00
2.418580759970215581e+02 2.000000000000000000e+00
2.418585759970215463e+02 5.000000000000000000e+00
2.418590759970215913e+02 5.000000000000000000e+00
2.418595759970215795e+02 1.000000000000000000e+00
2.418600759970216245e+02 4.000000000000000000e+00
2.418605759970216127e+02 2.000000000000000000e+00
2.418610759970216577e+02 4.000000000000000000e+00
2.418615759970216459e+02 3.000000000000000000e+00
2.418620759970216909e+02 6.000000000000000000e+00
2.418625759970216791e+02 0.000000000000000000e+00
2.418630759970217241e+02 1.000000000000000000e+00
2.418635759970217123e+02 0.000000000000000000e+00
2.418640759970217573e+02 6.000000000000000000e+00
2.418645759970217455e+02 0.000000000000000000e+00
2.418650759970217905e+02 6.000000000000000000e+00
2.418655759970217787e+02 4.000000000000000000e+00
2.418660759970218237e+02 1.000000000000000000e+00
2.418665759970218119e+02 2.000000000000000000e+00
2.418670759970218569e+02 3.000000000000000000e+00
2.418675759970218451e+02 4.000000000000000000e+00
2.418680759970218901e+02 1.000000000000000000e+00
2.418685759970218783e+02 6.000000000000000000e+00
2.418690759970219233e+02 1.000000000000000000e+00
2.418695759970219115e+02 5.000000000000000000e+00
2.418700759970219565e+02 5.000000000000000000e+00
2.418705759970219447e+02 1.000000000000000000e+00
2.418710759970219897e+02 3.000000000000000000e+00
2.418715759970219779e+02 3.000000000000000000e+00
2.418720759970220229e+02 2.000000000000000000e+00
2.418725759970220111e+02 5.000000000000000000e+00
2.418730759970220561e+02 1.000000000000000000e+00
2.418735759970220442e+02 3.000000000000000000e+00
2.418740759970220893e+02 3.000000000000000000e+00
2.418745759970220774e+02 4.000000000000000000e+00
2.418750759970221225e+02 4.000000000000000000e+00
2.418755759970221106e+02 4.000000000000000000e+00
2.418760759970221557e+02 3.000000000000000000e+00
2.418765759970221438e+02 2.000000000000000000e+00
2.418770759970221889e+02 1.000000000000000000e+00
2.418775759970221770e+02 1.000000000000000000e+00
2.418780759970222221e+02 3.000000000000000000e+00
2.418785759970222102e+02 2.000000000000000000e+00
2.418790759970222553e+02 2.000000000000000000e+00
2.418795759970222434e+02 2.000000000000000000e+00
2.418800759970222884e+02 0.000000000000000000e+00
2.418805759970222766e+02 3.000000000000000000e+00
2.418810759970223216e+02 5.000000000000000000e+00
2.418815759970223098e+02 3.000000000000000000e+00
2.418820759970223548e+02 2.000000000000000000e+00
2.418825759970223430e+02 2.000000000000000000e+00
2.418830759970223880e+02 4.000000000000000000e+00
2.418835759970223762e+02 2.000000000000000000e+00
2.418840759970224212e+02 1.000000000000000000e+00
2.418845759970224094e+02 3.000000000000000000e+00
2.418850759970224544e+02 6.000000000000000000e+00
2.418855759970224426e+02 3.000000000000000000e+00
2.418860759970224876e+02 4.000000000000000000e+00
2.418865759970224758e+02 5.000000000000000000e+00
2.418870759970225208e+02 0.000000000000000000e+00
2.418875759970225090e+02 1.000000000000000000e+00
2.418880759970225540e+02 4.000000000000000000e+00
2.418885759970225422e+02 4.000000000000000000e+00
2.418890759970225872e+02 2.000000000000000000e+00
2.418895759970225754e+02 0.000000000000000000e+00
2.418900759970226204e+02 3.000000000000000000e+00
2.418905759970226086e+02 3.000000000000000000e+00
2.418910759970226536e+02 2.000000000000000000e+00
2.418915759970226418e+02 4.000000000000000000e+00
2.418920759970226868e+02 2.000000000000000000e+00
2.418925759970226750e+02 1.000000000000000000e+00
2.418930759970227200e+02 2.000000000000000000e+00
2.418935759970227082e+02 3.000000000000000000e+00
2.418940759970227532e+02 3.000000000000000000e+00
2.418945759970227414e+02 2.000000000000000000e+00
2.418950759970227864e+02 5.000000000000000000e+00
2.418955759970227746e+02 2.000000000000000000e+00
2.418960759970228196e+02 4.000000000000000000e+00
2.418965759970228078e+02 3.000000000000000000e+00
2.418970759970228528e+02 1.000000000000000000e+00
2.418975759970228410e+02 3.000000000000000000e+00
2.418980759970228860e+02 2.000000000000000000e+00
2.418985759970228742e+02 2.000000000000000000e+00
2.418990759970229192e+02 3.000000000000000000e+00
2.418995759970229074e+02 1.000000000000000000e+00
2.419000759970229524e+02 1.000000000000000000e+00
2.419005759970229406e+02 2.000000000000000000e+00
2.419010759970229856e+02 3.000000000000000000e+00
2.419015759970229738e+02 5.000000000000000000e+00
2.419020759970230188e+02 3.000000000000000000e+00
2.419025759970230069e+02 5.000000000000000000e+00
2.419030759970230520e+02 4.000000000000000000e+00
2.419035759970230401e+02 4.000000000000000000e+00
2.419040759970230852e+02 5.000000000000000000e+00
2.419045759970230733e+02 2.000000000000000000e+00
2.419050759970231184e+02 2.000000000000000000e+00
2.419055759970231065e+02 2.000000000000000000e+00
2.419060759970231516e+02 2.000000000000000000e+00
2.419065759970231397e+02 3.000000000000000000e+00
2.419070759970231848e+02 2.000000000000000000e+00
2.419075759970231729e+02 0.000000000000000000e+00
2.419080759970232180e+02 3.000000000000000000e+00
2.419085759970232061e+02 3.000000000000000000e+00
2.419090759970232511e+02 5.000000000000000000e+00
2.419095759970232393e+02 2.000000000000000000e+00
2.419100759970232843e+02 5.000000000000000000e+00
2.419105759970232725e+02 3.000000000000000000e+00
2.419110759970233175e+02 2.000000000000000000e+00
2.419115759970233057e+02 1.000000000000000000e+00
2.419120759970233507e+02 2.000000000000000000e+00
2.419125759970233389e+02 8.000000000000000000e+00
2.419130759970233839e+02 2.000000000000000000e+00
2.419135759970233721e+02 2.000000000000000000e+00
2.419140759970234171e+02 4.000000000000000000e+00
2.419145759970234053e+02 3.000000000000000000e+00
2.419150759970234503e+02 1.000000000000000000e+00
2.419155759970234385e+02 1.000000000000000000e+00
2.419160759970234835e+02 1.000000000000000000e+00
2.419165759970234717e+02 5.000000000000000000e+00
2.419170759970235167e+02 3.000000000000000000e+00
2.419175759970235049e+02 3.000000000000000000e+00
2.419180759970235499e+02 2.000000000000000000e+00
2.419185759970235381e+02 3.000000000000000000e+00
2.419190759970235831e+02 5.000000000000000000e+00
2.419195759970235713e+02 3.000000000000000000e+00
2.419200759970236163e+02 5.000000000000000000e+00
2.419205759970236045e+02 1.000000000000000000e+00
2.419210759970236495e+02 1.000000000000000000e+00
2.419215759970236377e+02 2.000000000000000000e+00
2.419220759970236827e+02 4.000000000000000000e+00
2.419225759970236709e+02 3.000000000000000000e+00
2.419230759970237159e+02 5.000000000000000000e+00
2.419235759970237041e+02 3.000000000000000000e+00
2.419240759970237491e+02 7.000000000000000000e+00
2.419245759970237373e+02 7.000000000000000000e+00
2.419250759970237823e+02 4.000000000000000000e+00
2.419255759970237705e+02 7.000000000000000000e+00
2.419260759970238155e+02 1.000000000000000000e+01
2.419265759970238037e+02 7.000000000000000000e+00
2.419270759970238487e+02 2.000000000000000000e+00
2.419275759970238369e+02 4.000000000000000000e+00
2.419280759970238819e+02 5.000000000000000000e+00
2.419285759970238701e+02 7.000000000000000000e+00
2.419290759970239151e+02 4.000000000000000000e+00
2.419295759970239033e+02 7.000000000000000000e+00
2.419300759970239483e+02 5.000000000000000000e+00
2.419305759970239365e+02 6.000000000000000000e+00
2.419310759970239815e+02 4.000000000000000000e+00
2.419315759970239696e+02 8.000000000000000000e+00
2.419320759970240147e+02 5.000000000000000000e+00
2.419325759970240028e+02 5.000000000000000000e+00
2.419330759970240479e+02 3.000000000000000000e+00
2.419335759970240360e+02 5.000000000000000000e+00
2.419340759970240811e+02 4.000000000000000000e+00
2.419345759970240692e+02 6.000000000000000000e+00
2.419350759970241143e+02 4.000000000000000000e+00
2.419355759970241024e+02 9.000000000000000000e+00
2.419360759970241475e+02 8.000000000000000000e+00
2.419365759970241356e+02 7.000000000000000000e+00
2.419370759970241807e+02 6.000000000000000000e+00
2.419375759970241688e+02 6.000000000000000000e+00
2.419380759970242138e+02 6.000000000000000000e+00
2.419385759970242020e+02 7.000000000000000000e+00
2.419390759970242470e+02 3.000000000000000000e+00
2.419395759970242352e+02 4.000000000000000000e+00
2.419400759970242802e+02 1.000000000000000000e+00
2.419405759970242684e+02 4.000000000000000000e+00
2.419410759970243134e+02 1.000000000000000000e+00
2.419415759970243016e+02 0.000000000000000000e+00
2.419420759970243466e+02 2.000000000000000000e+00
2.419425759970243348e+02 5.000000000000000000e+00
2.419430759970243798e+02 1.000000000000000000e+00
2.419435759970243680e+02 9.000000000000000000e+00
2.419440759970244130e+02 8.000000000000000000e+00
2.419445759970244012e+02 4.000000000000000000e+00
2.419450759970244462e+02 4.000000000000000000e+00
2.419455759970244344e+02 2.000000000000000000e+00
2.419460759970244794e+02 3.000000000000000000e+00
2.419465759970244676e+02 3.000000000000000000e+00
2.419470759970245126e+02 4.000000000000000000e+00
2.419475759970245008e+02 3.000000000000000000e+00
2.419480759970245458e+02 1.000000000000000000e+00
2.419485759970245340e+02 5.000000000000000000e+00
2.419490759970245790e+02 3.000000000000000000e+00
2.419495759970245672e+02 2.000000000000000000e+00
2.419500759970246122e+02 2.000000000000000000e+00
2.419505759970246004e+02 5.000000000000000000e+00
2.419510759970246454e+02 5.000000000000000000e+00
2.419515759970246336e+02 6.000000000000000000e+00
2.419520759970246786e+02 5.000000000000000000e+00
2.419525759970246668e+02 2.000000000000000000e+00
2.419530759970247118e+02 3.000000000000000000e+00
2.419535759970247000e+02 6.000000000000000000e+00
2.419540759970247450e+02 3.000000000000000000e+00
2.419545759970247332e+02 6.000000000000000000e+00
2.419550759970247782e+02 2.000000000000000000e+00
2.419555759970247664e+02 1.000000000000000000e+00
2.419560759970248114e+02 5.000000000000000000e+00
2.419565759970247996e+02 8.000000000000000000e+00
2.419570759970248446e+02 4.000000000000000000e+00
2.419575759970248328e+02 2.000000000000000000e+00
2.419580759970248778e+02 5.000000000000000000e+00
2.419585759970248660e+02 2.000000000000000000e+00
2.419590759970249110e+02 8.000000000000000000e+00
2.419595759970248992e+02 5.000000000000000000e+00
2.419600759970249442e+02 2.000000000000000000e+00
2.419605759970249323e+02 2.000000000000000000e+00
2.419610759970249774e+02 5.000000000000000000e+00
2.419615759970249655e+02 1.000000000000000000e+00
2.419620759970250106e+02 2.000000000000000000e+00
2.419625759970249987e+02 4.000000000000000000e+00
2.419630759970250438e+02 4.000000000000000000e+00
2.419635759970250319e+02 0.000000000000000000e+00
2.419640759970250770e+02 4.000000000000000000e+00
2.419645759970250651e+02 3.000000000000000000e+00
2.419650759970251102e+02 4.000000000000000000e+00
2.419655759970250983e+02 3.000000000000000000e+00
2.419660759970251434e+02 3.000000000000000000e+00
2.419665759970251315e+02 4.000000000000000000e+00
2.419670759970251765e+02 6.000000000000000000e+00
2.419675759970251647e+02 4.000000000000000000e+00
2.419680759970252097e+02 3.000000000000000000e+00
2.419685759970251979e+02 2.000000000000000000e+00
2.419690759970252429e+02 2.000000000000000000e+00
2.419695759970252311e+02 4.000000000000000000e+00
2.419700759970252761e+02 2.000000000000000000e+00
2.419705759970252643e+02 6.000000000000000000e+00
2.419710759970253093e+02 2.000000000000000000e+00
2.419715759970252975e+02 0.000000000000000000e+00
2.419720759970253425e+02 1.000000000000000000e+00
2.419725759970253307e+02 3.000000000000000000e+00
2.419730759970253757e+02 2.000000000000000000e+00
2.419735759970253639e+02 3.000000000000000000e+00
2.419740759970254089e+02 2.000000000000000000e+00
2.419745759970253971e+02 1.000000000000000000e+00
2.419750759970254421e+02 1.000000000000000000e+00
2.419755759970254303e+02 3.000000000000000000e+00
2.419760759970254753e+02 1.000000000000000000e+00
2.419765759970254635e+02 3.000000000000000000e+00
2.419770759970255085e+02 5.000000000000000000e+00
2.419775759970254967e+02 1.000000000000000000e+00
2.419780759970255417e+02 7.000000000000000000e+00
2.419785759970255299e+02 3.000000000000000000e+00
2.419790759970255749e+02 0.000000000000000000e+00
2.419795759970255631e+02 2.000000000000000000e+00
2.419800759970256081e+02 3.000000000000000000e+00
2.419805759970255963e+02 3.000000000000000000e+00
2.419810759970256413e+02 2.000000000000000000e+00
2.419815759970256295e+02 1.000000000000000000e+00
2.419820759970256745e+02 3.000000000000000000e+00
2.419825759970256627e+02 4.000000000000000000e+00
2.419830759970257077e+02 5.000000000000000000e+00
2.419835759970256959e+02 6.000000000000000000e+00
2.419840759970257409e+02 3.000000000000000000e+00
2.419845759970257291e+02 2.000000000000000000e+00
2.419850759970257741e+02 3.000000000000000000e+00
2.419855759970257623e+02 4.000000000000000000e+00
2.419860759970258073e+02 1.000000000000000000e+00
2.419865759970257955e+02 1.000000000000000000e+00
2.419870759970258405e+02 7.000000000000000000e+00
2.419875759970258287e+02 0.000000000000000000e+00
2.419880759970258737e+02 6.000000000000000000e+00
2.419885759970258619e+02 4.000000000000000000e+00
2.419890759970259069e+02 2.000000000000000000e+00
2.419895759970258950e+02 2.000000000000000000e+00
2.419900759970259401e+02 3.000000000000000000e+00
2.419905759970259282e+02 3.000000000000000000e+00
2.419910759970259733e+02 1.000000000000000000e+00
2.419915759970259614e+02 1.000000000000000000e+00
2.419920759970260065e+02 2.000000000000000000e+00
2.419925759970259946e+02 2.000000000000000000e+00
2.419930759970260397e+02 1.000000000000000000e+00
2.419935759970260278e+02 6.000000000000000000e+00
2.419940759970260729e+02 3.000000000000000000e+00
2.419945759970260610e+02 1.000000000000000000e+00
2.419950759970261061e+02 1.000000000000000000e+00
2.419955759970260942e+02 2.000000000000000000e+00
2.419960759970261392e+02 2.000000000000000000e+00
2.419965759970261274e+02 5.000000000000000000e+00
2.419970759970261724e+02 1.000000000000000000e+00
2.419975759970261606e+02 0.000000000000000000e+00
2.419980759970262056e+02 2.000000000000000000e+00
2.419985759970261938e+02 2.000000000000000000e+00
2.419990759970262388e+02 4.000000000000000000e+00
2.419995759970262270e+02 0.000000000000000000e+00
2.420000759970262720e+02 1.000000000000000000e+00
2.420005759970262602e+02 0.000000000000000000e+00
2.420010759970263052e+02 2.000000000000000000e+00
2.420015759970262934e+02 1.000000000000000000e+00
2.420020759970263384e+02 1.000000000000000000e+00
2.420025759970263266e+02 2.000000000000000000e+00
2.420030759970263716e+02 0.000000000000000000e+00
2.420035759970263598e+02 2.000000000000000000e+00
2.420040759970264048e+02 1.000000000000000000e+00
2.420045759970263930e+02 4.000000000000000000e+00
2.420050759970264380e+02 5.000000000000000000e+00
2.420055759970264262e+02 1.000000000000000000e+00
2.420060759970264712e+02 3.000000000000000000e+00
2.420065759970264594e+02 2.000000000000000000e+00
2.420070759970265044e+02 3.000000000000000000e+00
2.420075759970264926e+02 1.000000000000000000e+00
2.420080759970265376e+02 4.000000000000000000e+00
2.420085759970265258e+02 1.000000000000000000e+00
2.420090759970265708e+02 3.000000000000000000e+00
2.420095759970265590e+02 5.000000000000000000e+00
2.420100759970266040e+02 3.000000000000000000e+00
2.420105759970265922e+02 6.000000000000000000e+00
2.420110759970266372e+02 1.000000000000000000e+00
2.420115759970266254e+02 3.000000000000000000e+00
2.420120759970266704e+02 1.000000000000000000e+00
2.420125759970266586e+02 2.000000000000000000e+00
2.420130759970267036e+02 4.000000000000000000e+00
2.420135759970266918e+02 2.000000000000000000e+00
2.420140759970267368e+02 2.000000000000000000e+00
2.420145759970267250e+02 1.000000000000000000e+00
2.420150759970267700e+02 3.000000000000000000e+00
2.420155759970267582e+02 4.000000000000000000e+00
2.420160759970268032e+02 2.000000000000000000e+00
2.420165759970267914e+02 4.000000000000000000e+00
2.420170759970268364e+02 3.000000000000000000e+00
2.420175759970268246e+02 0.000000000000000000e+00
2.420180759970268696e+02 5.000000000000000000e+00
2.420185759970268577e+02 1.000000000000000000e+00
2.420190759970269028e+02 3.000000000000000000e+00
2.420195759970268909e+02 1.000000000000000000e+00
2.420200759970269360e+02 2.000000000000000000e+00
2.420205759970269241e+02 6.000000000000000000e+00
2.420210759970269692e+02 0.000000000000000000e+00
2.420215759970269573e+02 1.000000000000000000e+00
2.420220759970270024e+02 1.000000000000000000e+00
2.420225759970269905e+02 1.000000000000000000e+00
2.420230759970270356e+02 2.000000000000000000e+00
2.420235759970270237e+02 2.000000000000000000e+00
2.420240759970270688e+02 1.000000000000000000e+00
2.420245759970270569e+02 2.000000000000000000e+00
2.420250759970271019e+02 3.000000000000000000e+00
2.420255759970270901e+02 2.000000000000000000e+00
2.420260759970271351e+02 2.000000000000000000e+00
2.420265759970271233e+02 3.000000000000000000e+00
2.420270759970271683e+02 2.000000000000000000e+00
2.420275759970271565e+02 4.000000000000000000e+00
2.420280759970272015e+02 3.000000000000000000e+00
2.420285759970271897e+02 3.000000000000000000e+00
2.420290759970272347e+02 2.000000000000000000e+00
2.420295759970272229e+02 1.000000000000000000e+00
2.420300759970272679e+02 2.000000000000000000e+00
2.420305759970272561e+02 1.000000000000000000e+00
2.420310759970273011e+02 3.000000000000000000e+00
2.420315759970272893e+02 1.000000000000000000e+00
2.420320759970273343e+02 2.000000000000000000e+00
2.420325759970273225e+02 0.000000000000000000e+00
2.420330759970273675e+02 1.000000000000000000e+00
2.420335759970273557e+02 5.000000000000000000e+00
2.420340759970274007e+02 2.000000000000000000e+00
2.420345759970273889e+02 3.000000000000000000e+00
2.420350759970274339e+02 2.000000000000000000e+00
2.420355759970274221e+02 2.000000000000000000e+00
2.420360759970274671e+02 9.000000000000000000e+00
2.420365759970274553e+02 2.000000000000000000e+00
2.420370759970275003e+02 4.000000000000000000e+00
2.420375759970274885e+02 3.000000000000000000e+00
2.420380759970275335e+02 1.000000000000000000e+00
2.420385759970275217e+02 3.000000000000000000e+00
2.420390759970275667e+02 2.000000000000000000e+00
2.420395759970275549e+02 2.000000000000000000e+00
2.420400759970275999e+02 5.000000000000000000e+00
2.420405759970275881e+02 1.000000000000000000e+00
