-6.629200787500000303e-02 2.000000000000000000e+00
-6.579200787499997483e-02 1.000000000000000000e+00
-6.529200787499997438e-02 2.000000000000000000e+00
-6.479200787499994618e-02 5.000000000000000000e+00
-6.429200787499994574e-02 1.000000000000000000e+00
-6.379200787499991754e-02 6.000000000000000000e+00
-6.329200787499991709e-02 1.000000000000000000e+00
-6.279200787499988889e-02 1.000000000000000000e+00
-6.229200787499988151e-02 6.000000000000000000e+00
-6.179200787499986719e-02 1.000000000000000000e+00
-6.129200787499985287e-02 3.000000000000000000e+00
-6.079200787499983855e-02 1.000000000000000000e+00
-6.029200787499982422e-02 4.000000000000000000e+00
-5.979200787499980990e-02 2.000000000000000000e+00
-5.929200787499979558e-02 3.000000000000000000e+00
-5.879200787499978126e-02 2.000000000000000000e+00
-5.829200787499976694e-02 3.000000000000000000e+00
-5.779200787499975261e-02 1.000000000000000000e+00
-5.729200787499973829e-02 2.000000000000000000e+00
-5.679200787499972397e-02 2.000000000000000000e+00
-5.629200787499970965e-02 7.000000000000000000e+00
-5.579200787499969533e-02 2.000000000000000000e+00
-5.529200787499968101e-02 7.000000000000000000e+00
-5.479200787499966668e-02 0.000000000000000000e+00
-5.429200787499965236e-02 4.000000000000000000e+00
-5.379200787499963804e-02 1.000000000000000000e+00
-5.329200787499962372e-02 1.000000000000000000e+00
-5.279200787499960940e-02 3.000000000000000000e+00
-5.229200787499959507e-02 3.000000000000000000e+00
-5.179200787499958075e-02 2.000000000000000000e+00
-5.129200787499956643e-02 3.000000000000000000e+00
-5.079200787499955211e-02 0.000000000000000000e+00
-5.029200787499953779e-02 5.000000000000000000e+00
-4.979200787499952346e-02 2.000000000000000000e+00
-4.929200787499950914e-02 2.000000000000000000e+00
-4.879200787499949482e-02 4.000000000000000000e+00
-4.829200787499948050e-02 4.000000000000000000e+00
-4.779200787499946618e-02 0.000000000000000000e+00
-4.729200787499945186e-02 1.000000000000000000e+00
-4.679200787499943753e-02 9.000000000000000000e+00
-4.629200787499942321e-02 6.000000000000000000e+00
-4.579200787499940889e-02 3.000000000000000000e+00
-4.529200787499939457e-02 4.000000000000000000e+00
-4.479200787499938025e-02 5.000000000000000000e+00
-4.429200787499936592e-02 1.000000000000000000e+00
-4.379200787499935160e-02 3.000000000000000000e+00
-4.329200787499933728e-02 4.000000000000000000e+00
-4.279200787499932296e-02 2.000000000000000000e+00
-4.229200787499930864e-02 2.000000000000000000e+00
-4.179200787499929431e-02 5.000000000000000000e+00
-4.129200787499927999e-02 4.000000000000000000e+00
-4.079200787499926567e-02 2.000000000000000000e+00
-4.029200787499925135e-02 1.000000000000000000e+00
-3.979200787499923703e-02 0.000000000000000000e+00
-3.929200787499922271e-02 2.000000000000000000e+00
-3.879200787499920838e-02 4.000000000000000000e+00
-3.829200787499919406e-02 4.000000000000000000e+00
-3.779200787499917974e-02 2.000000000000000000e+00
-3.729200787499916542e-02 4.000000000000000000e+00
-3.679200787499915110e-02 2.000000000000000000e+00
-3.629200787499913677e-02 2.000000000000000000e+00
-3.579200787499912245e-02 2.000000000000000000e+00
-3.529200787499910813e-02 2.000000000000000000e+00
-3.479200787499909381e-02 2.000000000000000000e+00
-3.429200787499907949e-02 3.000000000000000000e+00
-3.379200787499906516e-02 0.000000000000000000e+00
-3.329200787499905084e-02 5.000000000000000000e+00
-3.279200787499903652e-02 2.000000000000000000e+00
-3.229200787499902220e-02 3.000000000000000000e+00
-3.179200787499900788e-02 4.000000000000000000e+00
-3.129200787499899356e-02 4.000000000000000000e+00
-3.079200787499897923e-02 2.000000000000000000e+00
-3.029200787499896491e-02 2.000000000000000000e+00
-2.979200787499895059e-02 2.000000000000000000e+00
-2.929200787499893627e-02 3.000000000000000000e+00
-2.879200787499892195e-02 5.000000000000000000e+00
-2.829200787499890762e-02 3.000000000000000000e+00
-2.779200787499889330e-02 4.000000000000000000e+00
-2.729200787499887898e-02 3.000000000000000000e+00
-2.679200787499886466e-02 0.000000000000000000e+00
-2.629200787499885034e-02 2.000000000000000000e+00
-2.579200787499883601e-02 3.000000000000000000e+00
-2.529200787499882169e-02 7.000000000000000000e+00
-2.479200787499880737e-02 3.000000000000000000e+00
-2.429200787499879305e-02 5.000000000000000000e+00
-2.379200787499877873e-02 5.000000000000000000e+00
-2.329200787499876441e-02 6.000000000000000000e+00
-2.279200787499875008e-02 7.000000000000000000e+00
-2.229200787499873576e-02 7.000000000000000000e+00
-2.179200787499872144e-02 8.000000000000000000e+00
-2.129200787499870712e-02 1.600000000000000000e+01
-2.079200787499869280e-02 4.000000000000000000e+00
-2.029200787499867847e-02 1.300000000000000000e+01
-1.979200787499866415e-02 1.200000000000000000e+01
-1.929200787499864983e-02 9.000000000000000000e+00
-1.879200787499863551e-02 1.300000000000000000e+01
-1.829200787499862119e-02 1.400000000000000000e+01
-1.779200787499860686e-02 1.100000000000000000e+01
-1.729200787499859254e-02 1.400000000000000000e+01
-1.679200787499857822e-02 1.000000000000000000e+01
-1.629200787499856390e-02 2.100000000000000000e+01
-1.579200787499854958e-02 6.000000000000000000e+00
-1.529200787499853526e-02 1.300000000000000000e+01
-1.479200787499852093e-02 1.900000000000000000e+01
-1.429200787499850661e-02 1.200000000000000000e+01
-1.379200787499849229e-02 1.100000000000000000e+01
-1.329200787499847797e-02 1.700000000000000000e+01
-1.279200787499846365e-02 1.100000000000000000e+01
-1.229200787499844932e-02 1.700000000000000000e+01
-1.179200787499843500e-02 1.000000000000000000e+01
-1.129200787499842068e-02 6.000000000000000000e+00
-1.079200787499840636e-02 1.200000000000000000e+01
-1.029200787499839204e-02 1.600000000000000000e+01
-9.792007874998377714e-03 1.200000000000000000e+01
-9.292007874998363393e-03 1.500000000000000000e+01
-8.792007874998349071e-03 1.600000000000000000e+01
-8.292007874998334749e-03 1.500000000000000000e+01
-7.792007874998320427e-03 1.500000000000000000e+01
-7.292007874998306105e-03 2.200000000000000000e+01
-6.792007874998291783e-03 1.900000000000000000e+01
-6.292007874998277461e-03 1.300000000000000000e+01
-5.792007874998263139e-03 2.200000000000000000e+01
-5.292007874998248818e-03 1.600000000000000000e+01
-4.792007874998234496e-03 1.600000000000000000e+01
-4.292007874998220174e-03 1.300000000000000000e+01
-3.792007874998198913e-03 1.100000000000000000e+01
-3.292007874998198469e-03 1.100000000000000000e+01
-2.792007874998170269e-03 8.000000000000000000e+00
-2.292007874998169825e-03 1.200000000000000000e+01
-1.792007874998141626e-03 1.000000000000000000e+01
-1.292007874998141181e-03 7.000000000000000000e+00
-7.920078749981129818e-04 6.000000000000000000e+00
-2.920078749981125377e-04 1.400000000000000000e+01
2.079921250019156620e-04 1.100000000000000000e+01
7.079921250019161061e-04 3.000000000000000000e+00
1.207992125001944306e-03 9.000000000000000000e+00
1.707992125001944750e-03 7.000000000000000000e+00
2.207992125001972950e-03 1.000000000000000000e+01
2.707992125001973394e-03 7.000000000000000000e+00
3.207992125002001593e-03 7.000000000000000000e+00
3.707992125002002037e-03 9.000000000000000000e+00
4.207992125002030237e-03 7.000000000000000000e+00
4.707992125002030681e-03 4.000000000000000000e+00
5.207992125002058881e-03 5.000000000000000000e+00
5.707992125002059325e-03 4.000000000000000000e+00
6.207992125002087525e-03 3.000000000000000000e+00
6.707992125002087969e-03 2.000000000000000000e+00
7.207992125002116168e-03 4.000000000000000000e+00
7.707992125002116612e-03 9.000000000000000000e+00
8.207992125002144812e-03 5.000000000000000000e+00
8.707992125002145256e-03 5.000000000000000000e+00
9.207992125002173456e-03 5.000000000000000000e+00
9.707992125002173900e-03 9.000000000000000000e+00
1.020799212500220210e-02 4.000000000000000000e+00
1.070799212500220254e-02 1.000000000000000000e+00
1.120799212500223074e-02 7.000000000000000000e+00
1.170799212500223119e-02 4.000000000000000000e+00
1.220799212500225939e-02 7.000000000000000000e+00
1.270799212500225983e-02 7.000000000000000000e+00
1.320799212500228803e-02 7.000000000000000000e+00
1.370799212500228847e-02 4.000000000000000000e+00
1.420799212500231667e-02 9.000000000000000000e+00
1.470799212500231712e-02 5.000000000000000000e+00
1.520799212500234532e-02 7.000000000000000000e+00
1.570799212500234576e-02 6.000000000000000000e+00
1.620799212500237396e-02 6.000000000000000000e+00
1.670799212500237441e-02 6.000000000000000000e+00
1.720799212500240261e-02 7.000000000000000000e+00
1.770799212500240305e-02 5.000000000000000000e+00
1.820799212500243125e-02 5.000000000000000000e+00
1.870799212500243169e-02 3.000000000000000000e+00
1.920799212500245989e-02 4.000000000000000000e+00
1.970799212500246034e-02 7.000000000000000000e+00
2.020799212500248854e-02 7.000000000000000000e+00
2.070799212500248898e-02 6.000000000000000000e+00
2.120799212500251718e-02 9.000000000000000000e+00
2.170799212500251762e-02 6.000000000000000000e+00
2.220799212500254582e-02 1.000000000000000000e+01
2.270799212500254627e-02 5.000000000000000000e+00
2.320799212500257447e-02 3.000000000000000000e+00
2.370799212500257491e-02 7.000000000000000000e+00
2.420799212500260311e-02 7.000000000000000000e+00
2.470799212500260356e-02 4.000000000000000000e+00
2.520799212500263176e-02 4.000000000000000000e+00
2.570799212500263220e-02 1.000000000000000000e+00
2.620799212500266040e-02 5.000000000000000000e+00
2.670799212500266084e-02 5.000000000000000000e+00
2.720799212500268904e-02 4.000000000000000000e+00
2.770799212500268949e-02 5.000000000000000000e+00
2.820799212500271769e-02 7.000000000000000000e+00
2.870799212500271813e-02 7.000000000000000000e+00
2.920799212500274633e-02 2.000000000000000000e+00
2.970799212500274677e-02 4.000000000000000000e+00
3.020799212500277497e-02 5.000000000000000000e+00
3.070799212500277542e-02 3.000000000000000000e+00
3.120799212500280362e-02 7.000000000000000000e+00
3.170799212500280406e-02 5.000000000000000000e+00
3.220799212500283226e-02 4.000000000000000000e+00
3.270799212500283271e-02 2.000000000000000000e+00
3.320799212500286091e-02 2.000000000000000000e+00
3.370799212500286135e-02 2.000000000000000000e+00
3.420799212500288955e-02 3.000000000000000000e+00
3.470799212500288999e-02 3.000000000000000000e+00
3.520799212500291819e-02 5.000000000000000000e+00
3.570799212500291864e-02 3.000000000000000000e+00
3.620799212500294684e-02 2.000000000000000000e+00
3.670799212500294728e-02 4.000000000000000000e+00
3.720799212500297548e-02 2.000000000000000000e+00
3.770799212500297592e-02 3.000000000000000000e+00
3.820799212500300412e-02 1.000000000000000000e+00
3.870799212500300457e-02 4.000000000000000000e+00
3.920799212500303277e-02 2.000000000000000000e+00
3.970799212500303321e-02 4.000000000000000000e+00
4.020799212500306141e-02 4.000000000000000000e+00
4.070799212500306186e-02 2.000000000000000000e+00
4.120799212500309006e-02 1.000000000000000000e+00
4.170799212500309050e-02 0.000000000000000000e+00
4.220799212500311870e-02 9.000000000000000000e+00
4.270799212500311914e-02 6.000000000000000000e+00
4.320799212500314734e-02 4.000000000000000000e+00
4.370799212500314779e-02 4.000000000000000000e+00
4.420799212500317599e-02 3.000000000000000000e+00
4.470799212500317643e-02 2.000000000000000000e+00
4.520799212500320463e-02 4.000000000000000000e+00
4.570799212500320508e-02 3.000000000000000000e+00
4.620799212500323327e-02 3.000000000000000000e+00
4.670799212500323372e-02 4.000000000000000000e+00
4.720799212500326192e-02 4.000000000000000000e+00
4.770799212500326236e-02 2.000000000000000000e+00
4.820799212500329056e-02 7.000000000000000000e+00
4.870799212500329101e-02 1.200000000000000000e+01
4.920799212500331921e-02 4.000000000000000000e+00
4.970799212500331965e-02 5.000000000000000000e+00
5.020799212500334785e-02 5.000000000000000000e+00
5.070799212500334829e-02 2.000000000000000000e+00
5.120799212500337649e-02 5.000000000000000000e+00
5.170799212500337694e-02 0.000000000000000000e+00
5.220799212500340514e-02 5.000000000000000000e+00
5.270799212500340558e-02 3.000000000000000000e+00
5.320799212500343378e-02 3.000000000000000000e+00
5.370799212500343423e-02 5.000000000000000000e+00
5.420799212500346242e-02 7.000000000000000000e+00
5.470799212500346287e-02 3.000000000000000000e+00
5.520799212500349107e-02 6.000000000000000000e+00
5.570799212500349151e-02 3.000000000000000000e+00
5.620799212500351971e-02 4.000000000000000000e+00
5.670799212500352016e-02 3.000000000000000000e+00
5.720799212500354836e-02 3.000000000000000000e+00
5.770799212500354880e-02 4.000000000000000000e+00
5.820799212500357700e-02 1.000000000000000000e+00
5.870799212500357744e-02 3.000000000000000000e+00
5.920799212500360564e-02 3.000000000000000000e+00
5.970799212500360609e-02 2.000000000000000000e+00
6.020799212500360653e-02 4.000000000000000000e+00
6.070799212500363473e-02 3.000000000000000000e+00
6.120799212500366293e-02 2.000000000000000000e+00
6.170799212500366338e-02 4.000000000000000000e+00
6.220799212500366382e-02 1.000000000000000000e+00
6.270799212500369202e-02 6.000000000000000000e+00
6.320799212500372022e-02 2.000000000000000000e+00
6.370799212500372066e-02 4.000000000000000000e+00
6.420799212500372111e-02 4.000000000000000000e+00
6.470799212500374931e-02 3.000000000000000000e+00
6.520799212500377751e-02 5.000000000000000000e+00
6.570799212500377795e-02 5.000000000000000000e+00
6.620799212500377839e-02 3.000000000000000000e+00
6.670799212500380659e-02 2.000000000000000000e+00
6.720799212500383479e-02 2.000000000000000000e+00
6.770799212500383524e-02 8.000000000000000000e+00
6.820799212500383568e-02 5.000000000000000000e+00
6.870799212500386388e-02 2.000000000000000000e+00
6.920799212500389208e-02 1.000000000000000000e+00
6.970799212500389253e-02 6.000000000000000000e+00
7.020799212500389297e-02 3.000000000000000000e+00
7.070799212500392117e-02 1.000000000000000000e+00
7.120799212500394937e-02 1.000000000000000000e+00
7.170799212500394981e-02 2.000000000000000000e+00
7.220799212500395026e-02 5.000000000000000000e+00
7.270799212500397846e-02 2.000000000000000000e+00
7.320799212500400666e-02 2.000000000000000000e+00
7.370799212500400710e-02 0.000000000000000000e+00
7.420799212500400754e-02 2.000000000000000000e+00
7.470799212500403574e-02 4.000000000000000000e+00
7.520799212500406394e-02 3.000000000000000000e+00
7.570799212500406439e-02 5.000000000000000000e+00
7.620799212500406483e-02 5.000000000000000000e+00
7.670799212500409303e-02 2.000000000000000000e+00
7.720799212500412123e-02 4.000000000000000000e+00
7.770799212500412168e-02 4.000000000000000000e+00
7.820799212500412212e-02 2.000000000000000000e+00
7.870799212500415032e-02 4.000000000000000000e+00
7.920799212500417852e-02 8.000000000000000000e+00
7.970799212500417896e-02 3.000000000000000000e+00
8.020799212500417941e-02 3.000000000000000000e+00
8.070799212500420761e-02 4.000000000000000000e+00
8.120799212500423581e-02 3.000000000000000000e+00
8.170799212500423625e-02 2.000000000000000000e+00
8.220799212500423669e-02 5.000000000000000000e+00
8.270799212500426489e-02 2.000000000000000000e+00
8.320799212500429309e-02 2.000000000000000000e+00
8.370799212500429354e-02 2.000000000000000000e+00
8.420799212500429398e-02 2.000000000000000000e+00
8.470799212500432218e-02 2.000000000000000000e+00
8.520799212500435038e-02 3.000000000000000000e+00
8.570799212500435083e-02 0.000000000000000000e+00
8.620799212500435127e-02 2.000000000000000000e+00
8.670799212500437947e-02 2.000000000000000000e+00
8.720799212500440767e-02 4.000000000000000000e+00
8.770799212500440811e-02 1.000000000000000000e+00
8.820799212500440856e-02 5.000000000000000000e+00
8.870799212500443676e-02 1.000000000000000000e+00
8.920799212500446496e-02 2.000000000000000000e+00
8.970799212500446540e-02 5.000000000000000000e+00
9.020799212500446584e-02 0.000000000000000000e+00
9.070799212500449404e-02 2.000000000000000000e+00
9.120799212500452224e-02 6.000000000000000000e+00
9.170799212500452269e-02 4.000000000000000000e+00
9.220799212500452313e-02 5.000000000000000000e+00
9.270799212500455133e-02 1.000000000000000000e+00
9.320799212500457953e-02 6.000000000000000000e+00
9.370799212500457998e-02 2.000000000000000000e+00
9.420799212500458042e-02 8.000000000000000000e+00
9.470799212500460862e-02 3.000000000000000000e+00
9.520799212500463682e-02 2.000000000000000000e+00
9.570799212500463726e-02 5.000000000000000000e+00
9.620799212500463771e-02 2.000000000000000000e+00
9.670799212500466591e-02 3.000000000000000000e+00
9.720799212500469411e-02 2.000000000000000000e+00
9.770799212500469455e-02 2.000000000000000000e+00
9.820799212500469499e-02 2.000000000000000000e+00
9.870799212500472319e-02 4.000000000000000000e+00
9.920799212500475139e-02 3.000000000000000000e+00
9.970799212500475184e-02 4.000000000000000000e+00
1.002079921250047523e-01 4.000000000000000000e+00
1.007079921250047805e-01 3.000000000000000000e+00
1.012079921250048087e-01 3.000000000000000000e+00
1.017079921250048091e-01 1.000000000000000000e+00
1.022079921250048096e-01 2.000000000000000000e+00
1.027079921250048378e-01 3.000000000000000000e+00
1.032079921250048660e-01 6.000000000000000000e+00
1.037079921250048664e-01 6.000000000000000000e+00
1.042079921250048669e-01 1.000000000000000000e+00
1.047079921250048951e-01 5.000000000000000000e+00
1.052079921250049233e-01 3.000000000000000000e+00
1.057079921250049237e-01 2.000000000000000000e+00
1.062079921250049241e-01 4.000000000000000000e+00
1.067079921250049523e-01 5.000000000000000000e+00
1.072079921250049805e-01 2.000000000000000000e+00
1.077079921250049810e-01 3.000000000000000000e+00
1.082079921250049814e-01 2.000000000000000000e+00
1.087079921250050096e-01 4.000000000000000000e+00
1.092079921250050378e-01 4.000000000000000000e+00
1.097079921250050383e-01 2.000000000000000000e+00
1.102079921250050387e-01 4.000000000000000000e+00
1.107079921250050669e-01 4.000000000000000000e+00
1.112079921250050951e-01 2.000000000000000000e+00
1.117079921250050956e-01 1.000000000000000000e+00
1.122079921250050960e-01 4.000000000000000000e+00
1.127079921250051242e-01 6.000000000000000000e+00
1.132079921250051524e-01 2.000000000000000000e+00
1.137079921250051529e-01 4.000000000000000000e+00
1.142079921250051533e-01 6.000000000000000000e+00
1.147079921250051815e-01 2.000000000000000000e+00
1.152079921250052097e-01 4.000000000000000000e+00
1.157079921250052101e-01 2.000000000000000000e+00
1.162079921250052106e-01 7.000000000000000000e+00
1.167079921250052388e-01 8.000000000000000000e+00
1.172079921250052670e-01 1.000000000000000000e+00
1.177079921250052674e-01 3.000000000000000000e+00
1.182079921250052679e-01 2.000000000000000000e+00
1.187079921250052961e-01 5.000000000000000000e+00
1.192079921250053243e-01 5.000000000000000000e+00
1.197079921250053247e-01 6.000000000000000000e+00
1.202079921250053252e-01 1.000000000000000000e+00
1.207079921250053534e-01 2.000000000000000000e+00
1.212079921250053816e-01 8.000000000000000000e+00
1.217079921250053820e-01 4.000000000000000000e+00
1.222079921250053824e-01 4.000000000000000000e+00
1.227079921250054106e-01 6.000000000000000000e+00
1.232079921250054388e-01 3.000000000000000000e+00
1.237079921250054393e-01 6.000000000000000000e+00
1.242079921250054397e-01 2.000000000000000000e+00
1.247079921250054679e-01 2.000000000000000000e+00
1.252079921250054961e-01 1.000000000000000000e+00
1.257079921250054966e-01 4.000000000000000000e+00
1.262079921250054970e-01 0.000000000000000000e+00
1.267079921250055252e-01 4.000000000000000000e+00
1.272079921250055534e-01 2.000000000000000000e+00
1.277079921250055539e-01 3.000000000000000000e+00
1.282079921250055543e-01 4.000000000000000000e+00
1.287079921250055825e-01 5.000000000000000000e+00
1.292079921250056107e-01 1.000000000000000000e+00
1.297079921250056112e-01 1.000000000000000000e+00
1.302079921250056116e-01 2.000000000000000000e+00
1.307079921250056398e-01 3.000000000000000000e+00
1.312079921250056680e-01 2.000000000000000000e+00
1.317079921250056684e-01 4.000000000000000000e+00
1.322079921250056689e-01 3.000000000000000000e+00
1.327079921250056971e-01 4.000000000000000000e+00
1.332079921250057253e-01 4.000000000000000000e+00
1.337079921250057257e-01 4.000000000000000000e+00
1.342079921250057262e-01 1.000000000000000000e+00
1.347079921250057544e-01 1.000000000000000000e+00
1.352079921250057826e-01 1.000000000000000000e+00
1.357079921250057830e-01 1.000000000000000000e+00
1.362079921250057835e-01 2.000000000000000000e+00
1.367079921250058117e-01 6.000000000000000000e+00
1.372079921250058399e-01 1.000000000000000000e+00
1.377079921250058403e-01 1.000000000000000000e+00
1.382079921250058407e-01 4.000000000000000000e+00
1.387079921250058689e-01 4.000000000000000000e+00
1.392079921250058971e-01 2.000000000000000000e+00
1.397079921250058976e-01 4.000000000000000000e+00
1.402079921250058980e-01 7.000000000000000000e+00
1.407079921250059262e-01 2.000000000000000000e+00
1.412079921250059544e-01 3.000000000000000000e+00
1.417079921250059549e-01 3.000000000000000000e+00
1.422079921250059553e-01 6.000000000000000000e+00
1.427079921250059835e-01 5.000000000000000000e+00
1.432079921250060117e-01 1.000000000000000000e+00
1.437079921250060122e-01 5.000000000000000000e+00
1.442079921250060126e-01 2.000000000000000000e+00
1.447079921250060408e-01 5.000000000000000000e+00
1.452079921250060690e-01 2.000000000000000000e+00
1.457079921250060695e-01 2.000000000000000000e+00
1.462079921250060699e-01 3.000000000000000000e+00
1.467079921250060981e-01 3.000000000000000000e+00
1.472079921250061263e-01 2.000000000000000000e+00
1.477079921250061267e-01 1.000000000000000000e+00
1.482079921250061272e-01 2.000000000000000000e+00
1.487079921250061554e-01 3.000000000000000000e+00
1.492079921250061836e-01 6.000000000000000000e+00
1.497079921250061840e-01 3.000000000000000000e+00
1.502079921250061845e-01 8.000000000000000000e+00
1.507079921250062127e-01 2.000000000000000000e+00
1.512079921250062409e-01 3.000000000000000000e+00
1.517079921250062413e-01 7.000000000000000000e+00
1.522079921250062418e-01 6.000000000000000000e+00
1.527079921250062700e-01 0.000000000000000000e+00
1.532079921250062982e-01 4.000000000000000000e+00
1.537079921250062986e-01 2.000000000000000000e+00
1.542079921250062990e-01 4.000000000000000000e+00
1.547079921250063272e-01 1.000000000000000000e+00
1.552079921250063554e-01 4.000000000000000000e+00
1.557079921250063559e-01 2.000000000000000000e+00
1.562079921250063563e-01 3.000000000000000000e+00
1.567079921250063845e-01 2.000000000000000000e+00
1.572079921250064127e-01 3.000000000000000000e+00
1.577079921250064132e-01 2.000000000000000000e+00
1.582079921250064136e-01 2.000000000000000000e+00
1.587079921250064418e-01 5.000000000000000000e+00
1.592079921250064700e-01 2.000000000000000000e+00
1.597079921250064705e-01 3.000000000000000000e+00
1.602079921250064709e-01 5.000000000000000000e+00
1.607079921250064991e-01 3.000000000000000000e+00
1.612079921250065273e-01 1.000000000000000000e+00
1.617079921250065278e-01 7.000000000000000000e+00
1.622079921250065282e-01 4.000000000000000000e+00
1.627079921250065564e-01 2.000000000000000000e+00
1.632079921250065846e-01 0.000000000000000000e+00
1.637079921250065850e-01 1.000000000000000000e+00
1.642079921250065855e-01 3.000000000000000000e+00
1.647079921250066137e-01 1.000000000000000000e+00
1.652079921250066419e-01 3.000000000000000000e+00
1.657079921250066423e-01 1.000000000000000000e+00
1.662079921250066428e-01 2.000000000000000000e+00
1.667079921250066710e-01 2.000000000000000000e+00
1.672079921250066992e-01 1.000000000000000000e+00
1.677079921250066996e-01 3.000000000000000000e+00
1.682079921250067001e-01 2.000000000000000000e+00
1.687079921250067283e-01 3.000000000000000000e+00
1.692079921250067565e-01 0.000000000000000000e+00
1.697079921250067569e-01 1.000000000000000000e+00
1.702079921250067573e-01 3.000000000000000000e+00
1.707079921250067855e-01 4.000000000000000000e+00
1.712079921250068137e-01 6.000000000000000000e+00
1.717079921250068142e-01 1.000000000000000000e+00
1.722079921250068146e-01 4.000000000000000000e+00
1.727079921250068428e-01 5.000000000000000000e+00
1.732079921250068710e-01 3.000000000000000000e+00
1.737079921250068715e-01 2.000000000000000000e+00
1.742079921250068719e-01 1.000000000000000000e+00
1.747079921250069001e-01 4.000000000000000000e+00
1.752079921250069283e-01 4.000000000000000000e+00
1.757079921250069288e-01 3.000000000000000000e+00
1.762079921250069292e-01 6.000000000000000000e+00
1.767079921250069574e-01 2.000000000000000000e+00
1.772079921250069856e-01 1.000000000000000000e+00
1.777079921250069861e-01 4.000000000000000000e+00
1.782079921250069865e-01 3.000000000000000000e+00
1.787079921250070147e-01 4.000000000000000000e+00
1.792079921250070429e-01 0.000000000000000000e+00
1.797079921250070433e-01 2.000000000000000000e+00
1.802079921250070438e-01 3.000000000000000000e+00
1.807079921250070720e-01 4.000000000000000000e+00
1.812079921250071002e-01 1.000000000000000000e+00
1.817079921250071006e-01 2.000000000000000000e+00
1.822079921250071011e-01 2.000000000000000000e+00
1.827079921250071293e-01 7.000000000000000000e+00
1.832079921250071575e-01 2.000000000000000000e+00
1.837079921250071857e-01 2.000000000000000000e+00
1.842079921250071861e-01 2.000000000000000000e+00
1.847079921250072421e-01 2.000000000000000000e+00
1.852079921250072425e-01 3.000000000000000000e+00
1.857079921250072430e-01 0.000000000000000000e+00
1.862079921250072434e-01 5.000000000000000000e+00
1.867079921250072438e-01 1.000000000000000000e+00
1.872079921250072998e-01 4.000000000000000000e+00
1.877079921250073002e-01 2.000000000000000000e+00
1.882079921250073007e-01 1.000000000000000000e+00
1.887079921250073566e-01 2.000000000000000000e+00
1.892079921250073571e-01 4.000000000000000000e+00
1.897079921250073575e-01 3.000000000000000000e+00
1.902079921250073580e-01 1.000000000000000000e+00
1.907079921250073584e-01 2.000000000000000000e+00
1.912079921250074144e-01 2.000000000000000000e+00
1.917079921250074148e-01 1.000000000000000000e+00
1.922079921250074153e-01 6.000000000000000000e+00
1.927079921250074712e-01 3.000000000000000000e+00
1.932079921250074717e-01 1.000000000000000000e+00
1.937079921250074721e-01 3.000000000000000000e+00
1.942079921250074726e-01 2.000000000000000000e+00
1.947079921250074730e-01 2.000000000000000000e+00
1.952079921250075289e-01 5.000000000000000000e+00
1.957079921250075294e-01 2.000000000000000000e+00
1.962079921250075298e-01 3.000000000000000000e+00
1.967079921250075858e-01 1.000000000000000000e+00
1.972079921250075862e-01 0.000000000000000000e+00
1.977079921250075867e-01 5.000000000000000000e+00
1.982079921250075871e-01 4.000000000000000000e+00
1.987079921250075876e-01 5.000000000000000000e+00
1.992079921250076435e-01 5.000000000000000000e+00
1.997079921250076440e-01 4.000000000000000000e+00
2.002079921250076444e-01 4.000000000000000000e+00
2.007079921250077004e-01 4.000000000000000000e+00
2.012079921250077008e-01 5.000000000000000000e+00
