2.937355419789999473e+02 2.000000000000000000e+00
2.937360419789998218e+02 4.000000000000000000e+00
2.937365419789996963e+02 2.000000000000000000e+00
2.937370419789995708e+02 1.000000000000000000e+00
2.937375419789994453e+02 1.000000000000000000e+00
2.937380419789993198e+02 3.000000000000000000e+00
2.937385419789991943e+02 2.000000000000000000e+00
2.937390419789990688e+02 2.000000000000000000e+00
2.937395419789989433e+02 2.000000000000000000e+00
2.937400419789988177e+02 2.000000000000000000e+00
2.937405419789986922e+02 0.000000000000000000e+00
2.937410419789985667e+02 0.000000000000000000e+00
2.937415419789984412e+02 1.000000000000000000e+00
2.937420419789983157e+02 6.000000000000000000e+00
2.937425419789981902e+02 4.000000000000000000e+00
2.937430419789980647e+02 3.000000000000000000e+00
2.937435419789979392e+02 5.000000000000000000e+00
2.937440419789978137e+02 3.000000000000000000e+00
2.937445419789976881e+02 4.000000000000000000e+00
2.937450419789975626e+02 3.000000000000000000e+00
2.937455419789974371e+02 3.000000000000000000e+00
2.937460419789973116e+02 4.000000000000000000e+00
2.937465419789971861e+02 1.000000000000000000e+00
2.937470419789970606e+02 2.000000000000000000e+00
2.937475419789969351e+02 4.000000000000000000e+00
2.937480419789968096e+02 5.000000000000000000e+00
2.937485419789966841e+02 2.000000000000000000e+00
2.937490419789965586e+02 4.000000000000000000e+00
2.937495419789964330e+02 3.000000000000000000e+00
2.937500419789963075e+02 2.000000000000000000e+00
2.937505419789961820e+02 3.000000000000000000e+00
2.937510419789960565e+02 2.000000000000000000e+00
2.937515419789959310e+02 4.000000000000000000e+00
2.937520419789958055e+02 4.000000000000000000e+00
2.937525419789956800e+02 1.000000000000000000e+00
2.937530419789955545e+02 2.000000000000000000e+00
2.937535419789954290e+02 3.000000000000000000e+00
2.937540419789953035e+02 2.000000000000000000e+00
2.937545419789951779e+02 4.000000000000000000e+00
2.937550419789950524e+02 2.000000000000000000e+00
2.937555419789949269e+02 5.000000000000000000e+00
2.937560419789948014e+02 3.000000000000000000e+00
2.937565419789946759e+02 5.000000000000000000e+00
2.937570419789945504e+02 3.000000000000000000e+00
2.937575419789944249e+02 2.000000000000000000e+00
2.937580419789942994e+02 6.000000000000000000e+00
2.937585419789941739e+02 5.000000000000000000e+00
2.937590419789940483e+02 6.000000000000000000e+00
2.937595419789939228e+02 4.000000000000000000e+00
2.937600419789937973e+02 5.000000000000000000e+00
2.937605419789936718e+02 6.000000000000000000e+00
2.937610419789935463e+02 3.000000000000000000e+00
2.937615419789934208e+02 5.000000000000000000e+00
2.937620419789932953e+02 2.000000000000000000e+00
2.937625419789931698e+02 6.000000000000000000e+00
2.937630419789930443e+02 4.000000000000000000e+00
2.937635419789929188e+02 9.000000000000000000e+00
2.937640419789927932e+02 5.000000000000000000e+00
2.937645419789926677e+02 5.000000000000000000e+00
2.937650419789925422e+02 4.000000000000000000e+00
2.937655419789924167e+02 6.000000000000000000e+00
2.937660419789922912e+02 7.000000000000000000e+00
2.937665419789921657e+02 9.000000000000000000e+00
2.937670419789920402e+02 5.000000000000000000e+00
2.937675419789919147e+02 6.000000000000000000e+00
2.937680419789917892e+02 2.000000000000000000e+00
2.937685419789916637e+02 8.000000000000000000e+00
2.937690419789915381e+02 3.000000000000000000e+00
2.937695419789914126e+02 7.000000000000000000e+00
2.937700419789912871e+02 8.000000000000000000e+00
2.937705419789911616e+02 3.000000000000000000e+00
2.937710419789910361e+02 6.000000000000000000e+00
2.937715419789909106e+02 5.000000000000000000e+00
2.937720419789907851e+02 5.000000000000000000e+00
2.937725419789906596e+02 9.000000000000000000e+00
2.937730419789905341e+02 3.000000000000000000e+00
2.937735419789904086e+02 2.000000000000000000e+00
2.937740419789902830e+02 8.000000000000000000e+00
2.937745419789901575e+02 4.000000000000000000e+00
2.937750419789900320e+02 6.000000000000000000e+00
2.937755419789899065e+02 6.000000000000000000e+00
2.937760419789897810e+02 1.000000000000000000e+00
2.937765419789896555e+02 4.000000000000000000e+00
2.937770419789895300e+02 6.000000000000000000e+00
2.937775419789894045e+02 6.000000000000000000e+00
2.937780419789892790e+02 2.000000000000000000e+00
2.937785419789891534e+02 4.000000000000000000e+00
2.937790419789890279e+02 5.000000000000000000e+00
2.937795419789889024e+02 3.000000000000000000e+00
2.937800419789887769e+02 6.000000000000000000e+00
2.937805419789886514e+02 2.000000000000000000e+00
2.937810419789885259e+02 4.000000000000000000e+00
2.937815419789884004e+02 4.000000000000000000e+00
2.937820419789882749e+02 4.000000000000000000e+00
2.937825419789881494e+02 4.000000000000000000e+00
2.937830419789880239e+02 3.000000000000000000e+00
2.937835419789878983e+02 3.000000000000000000e+00
2.937840419789877728e+02 2.000000000000000000e+00
2.937845419789876473e+02 4.000000000000000000e+00
2.937850419789875218e+02 4.000000000000000000e+00
2.937855419789873963e+02 4.000000000000000000e+00
2.937860419789872708e+02 5.000000000000000000e+00
2.937865419789871453e+02 5.000000000000000000e+00
2.937870419789870198e+02 4.000000000000000000e+00
2.937875419789868943e+02 5.000000000000000000e+00
2.937880419789867688e+02 2.000000000000000000e+00
2.937885419789866432e+02 5.000000000000000000e+00
2.937890419789865177e+02 1.000000000000000000e+00
2.937895419789863922e+02 7.000000000000000000e+00
2.937900419789862667e+02 5.000000000000000000e+00
2.937905419789861412e+02 2.000000000000000000e+00
2.937910419789860157e+02 6.000000000000000000e+00
2.937915419789858902e+02 7.000000000000000000e+00
2.937920419789857647e+02 2.000000000000000000e+00
2.937925419789856392e+02 3.000000000000000000e+00
2.937930419789855137e+02 3.000000000000000000e+00
2.937935419789853881e+02 6.000000000000000000e+00
2.937940419789852626e+02 8.000000000000000000e+00
2.937945419789851371e+02 3.000000000000000000e+00
2.937950419789850116e+02 7.000000000000000000e+00
2.937955419789848861e+02 1.000000000000000000e+00
2.937960419789847606e+02 4.000000000000000000e+00
2.937965419789846351e+02 6.000000000000000000e+00
2.937970419789845096e+02 4.000000000000000000e+00
2.937975419789843841e+02 2.000000000000000000e+00
2.937980419789842585e+02 4.000000000000000000e+00
2.937985419789841330e+02 4.000000000000000000e+00
2.937990419789840075e+02 2.000000000000000000e+00
2.937995419789838820e+02 0.000000000000000000e+00
2.938000419789837565e+02 5.000000000000000000e+00
2.938005419789836310e+02 2.000000000000000000e+00
2.938010419789835055e+02 3.000000000000000000e+00
2.938015419789833800e+02 5.000000000000000000e+00
2.938020419789832545e+02 6.000000000000000000e+00
2.938025419789831290e+02 4.000000000000000000e+00
2.938030419789830034e+02 1.000000000000000000e+00
2.938035419789828779e+02 2.000000000000000000e+00
2.938040419789827524e+02 5.000000000000000000e+00
2.938045419789826269e+02 3.000000000000000000e+00
2.938050419789825014e+02 6.000000000000000000e+00
2.938055419789823759e+02 1.000000000000000000e+00
2.938060419789822504e+02 5.000000000000000000e+00
2.938065419789821249e+02 5.000000000000000000e+00
2.938070419789819994e+02 3.000000000000000000e+00
2.938075419789818739e+02 6.000000000000000000e+00
2.938080419789817483e+02 5.000000000000000000e+00
2.938085419789816228e+02 2.000000000000000000e+00
2.938090419789814973e+02 6.000000000000000000e+00
2.938095419789813718e+02 3.000000000000000000e+00
2.938100419789812463e+02 5.000000000000000000e+00
2.938105419789811208e+02 8.000000000000000000e+00
2.938110419789809953e+02 2.000000000000000000e+00
2.938115419789808698e+02 1.000000000000000000e+00
