3.691620398549999038e+01 4.000000000000000000e+00
3.691670398549997856e+01 4.000000000000000000e+00
3.691720398549995252e+01 3.000000000000000000e+00
3.691770398549994070e+01 6.000000000000000000e+00
3.691820398549991467e+01 2.000000000000000000e+00
3.691870398549990284e+01 2.000000000000000000e+00
3.691920398549987681e+01 5.000000000000000000e+00
3.691970398549986498e+01 3.000000000000000000e+00
3.692020398549983895e+01 2.000000000000000000e+00
3.692070398549982713e+01 0.000000000000000000e+00
3.692120398549980109e+01 0.000000000000000000e+00
3.692170398549978927e+01 4.000000000000000000e+00
3.692220398549976323e+01 2.000000000000000000e+00
3.692270398549975141e+01 2.000000000000000000e+00
3.692320398549972538e+01 1.000000000000000000e+00
3.692370398549971355e+01 4.000000000000000000e+00
3.692420398549968752e+01 1.000000000000000000e+00
3.692470398549967570e+01 0.000000000000000000e+00
3.692520398549964966e+01 5.000000000000000000e+00
3.692570398549963784e+01 4.000000000000000000e+00
3.692620398549961180e+01 1.000000000000000000e+00
3.692670398549959998e+01 2.000000000000000000e+00
3.692720398549957395e+01 5.000000000000000000e+00
3.692770398549956212e+01 2.000000000000000000e+00
3.692820398549953609e+01 6.000000000000000000e+00
3.692870398549952426e+01 2.000000000000000000e+00
3.692920398549949823e+01 1.000000000000000000e+00
3.692970398549948641e+01 2.000000000000000000e+00
3.693020398549946037e+01 0.000000000000000000e+00
3.693070398549944855e+01 1.000000000000000000e+00
3.693120398549942252e+01 4.000000000000000000e+00
3.693170398549941069e+01 2.000000000000000000e+00
3.693220398549938466e+01 3.000000000000000000e+00
3.693270398549937283e+01 5.000000000000000000e+00
3.693320398549934680e+01 2.000000000000000000e+00
3.693370398549933498e+01 2.000000000000000000e+00
3.693420398549930894e+01 1.000000000000000000e+00
3.693470398549929712e+01 5.000000000000000000e+00
3.693520398549927108e+01 2.000000000000000000e+00
3.693570398549925926e+01 3.000000000000000000e+00
3.693620398549923323e+01 2.000000000000000000e+00
3.693670398549922140e+01 4.000000000000000000e+00
3.693720398549919537e+01 6.000000000000000000e+00
3.693770398549918355e+01 2.000000000000000000e+00
3.693820398549915751e+01 2.000000000000000000e+00
3.693870398549914569e+01 2.000000000000000000e+00
3.693920398549911965e+01 2.000000000000000000e+00
3.693970398549910783e+01 1.000000000000000000e+00
3.694020398549908180e+01 1.000000000000000000e+00
3.694070398549906997e+01 3.000000000000000000e+00
3.694120398549904394e+01 1.000000000000000000e+00
3.694170398549903211e+01 6.000000000000000000e+00
3.694220398549900608e+01 2.000000000000000000e+00
3.694270398549899426e+01 2.000000000000000000e+00
3.694320398549896822e+01 2.000000000000000000e+00
3.694370398549895640e+01 1.000000000000000000e+00
3.694420398549893036e+01 0.000000000000000000e+00
3.694470398549891854e+01 2.000000000000000000e+00
3.694520398549889251e+01 1.000000000000000000e+00
3.694570398549888068e+01 4.000000000000000000e+00
3.694620398549885465e+01 2.000000000000000000e+00
3.694670398549884283e+01 1.000000000000000000e+00
3.694720398549881679e+01 6.000000000000000000e+00
3.694770398549880497e+01 5.000000000000000000e+00
3.694820398549877893e+01 3.000000000000000000e+00
3.694870398549876711e+01 3.000000000000000000e+00
3.694920398549874108e+01 3.000000000000000000e+00
3.694970398549872925e+01 3.000000000000000000e+00
3.695020398549870322e+01 3.000000000000000000e+00
3.695070398549869140e+01 5.000000000000000000e+00
3.695120398549866536e+01 3.000000000000000000e+00
3.695170398549865354e+01 1.000000000000000000e+00
3.695220398549862750e+01 6.000000000000000000e+00
3.695270398549861568e+01 3.000000000000000000e+00
3.695320398549858965e+01 4.000000000000000000e+00
3.695370398549857782e+01 3.000000000000000000e+00
3.695420398549855179e+01 1.000000000000000000e+00
3.695470398549853996e+01 0.000000000000000000e+00
3.695520398549851393e+01 2.000000000000000000e+00
3.695570398549850211e+01 5.000000000000000000e+00
3.695620398549847607e+01 5.000000000000000000e+00
3.695670398549846425e+01 5.000000000000000000e+00
3.695720398549843821e+01 4.000000000000000000e+00
3.695770398549842639e+01 3.000000000000000000e+00
3.695820398549840036e+01 2.000000000000000000e+00
3.695870398549838853e+01 1.000000000000000000e+00
3.695920398549836250e+01 2.000000000000000000e+00
3.695970398549835068e+01 4.000000000000000000e+00
3.696020398549832464e+01 1.000000000000000000e+00
3.696070398549831282e+01 3.000000000000000000e+00
3.696120398549828678e+01 3.000000000000000000e+00
3.696170398549827496e+01 0.000000000000000000e+00
3.696220398549824893e+01 2.000000000000000000e+00
3.696270398549823710e+01 2.000000000000000000e+00
3.696320398549821107e+01 2.000000000000000000e+00
3.696370398549819924e+01 3.000000000000000000e+00
3.696420398549817321e+01 4.000000000000000000e+00
3.696470398549816139e+01 2.000000000000000000e+00
3.696520398549813535e+01 0.000000000000000000e+00
3.696570398549812353e+01 4.000000000000000000e+00
3.696620398549809750e+01 1.000000000000000000e+00
3.696670398549808567e+01 3.000000000000000000e+00
3.696720398549805964e+01 1.000000000000000000e+00
3.696770398549804781e+01 3.000000000000000000e+00
3.696820398549802178e+01 2.000000000000000000e+00
3.696870398549800996e+01 2.000000000000000000e+00
3.696920398549798392e+01 0.000000000000000000e+00
3.696970398549797210e+01 2.000000000000000000e+00
3.697020398549794606e+01 3.000000000000000000e+00
3.697070398549793424e+01 2.000000000000000000e+00
3.697120398549790821e+01 0.000000000000000000e+00
3.697170398549789638e+01 4.000000000000000000e+00
3.697220398549787035e+01 6.000000000000000000e+00
3.697270398549785853e+01 3.000000000000000000e+00
3.697320398549783249e+01 2.000000000000000000e+00
3.697370398549782067e+01 2.000000000000000000e+00
3.697420398549779463e+01 5.000000000000000000e+00
3.697470398549778281e+01 0.000000000000000000e+00
3.697520398549775678e+01 1.000000000000000000e+00
3.697570398549774495e+01 0.000000000000000000e+00
3.697620398549771892e+01 5.000000000000000000e+00
3.697670398549770709e+01 4.000000000000000000e+00
3.697720398549768106e+01 2.000000000000000000e+00
3.697770398549766924e+01 0.000000000000000000e+00
3.697820398549764320e+01 4.000000000000000000e+00
3.697870398549763138e+01 3.000000000000000000e+00
3.697920398549760534e+01 3.000000000000000000e+00
3.697970398549759352e+01 1.000000000000000000e+00
3.698020398549756749e+01 2.000000000000000000e+00
3.698070398549755566e+01 3.000000000000000000e+00
3.698120398549752963e+01 2.000000000000000000e+00
3.698170398549751781e+01 2.000000000000000000e+00
3.698220398549749177e+01 2.000000000000000000e+00
3.698270398549747995e+01 5.000000000000000000e+00
3.698320398549745391e+01 1.000000000000000000e+00
3.698370398549744209e+01 3.000000000000000000e+00
3.698420398549741606e+01 3.000000000000000000e+00
3.698470398549740423e+01 2.000000000000000000e+00
3.698520398549737820e+01 6.000000000000000000e+00
3.698570398549736638e+01 1.000000000000000000e+00
3.698620398549734034e+01 2.000000000000000000e+00
3.698670398549732852e+01 5.000000000000000000e+00
3.698720398549730248e+01 5.000000000000000000e+00
3.698770398549729066e+01 3.000000000000000000e+00
3.698820398549726463e+01 3.000000000000000000e+00
3.698870398549725280e+01 1.000000000000000000e+00
3.698920398549722677e+01 1.000000000000000000e+00
3.698970398549721494e+01 3.000000000000000000e+00
3.699020398549718891e+01 1.000000000000000000e+00
3.699070398549717709e+01 5.000000000000000000e+00
3.699120398549715105e+01 4.000000000000000000e+00
3.699170398549713923e+01 3.000000000000000000e+00
3.699220398549711319e+01 4.000000000000000000e+00
3.699270398549710137e+01 4.000000000000000000e+00
3.699320398549707534e+01 1.000000000000000000e+00
3.699370398549706351e+01 0.000000000000000000e+00
3.699420398549703748e+01 1.000000000000000000e+00
3.699470398549702566e+01 2.000000000000000000e+00
3.699520398549699962e+01 2.000000000000000000e+00
3.699570398549698780e+01 2.000000000000000000e+00
3.699620398549696176e+01 6.000000000000000000e+00
3.699670398549694994e+01 0.000000000000000000e+00
3.699720398549692391e+01 3.000000000000000000e+00
3.699770398549691208e+01 4.000000000000000000e+00
3.699820398549688605e+01 3.000000000000000000e+00
3.699870398549687422e+01 5.000000000000000000e+00
3.699920398549684819e+01 2.000000000000000000e+00
3.699970398549683637e+01 3.000000000000000000e+00
3.700020398549681033e+01 1.000000000000000000e+00
3.700070398549679851e+01 1.000000000000000000e+00
3.700120398549677248e+01 4.000000000000000000e+00
3.700170398549676065e+01 1.000000000000000000e+00
3.700220398549673462e+01 1.000000000000000000e+00
3.700270398549672279e+01 0.000000000000000000e+00
3.700320398549669676e+01 2.000000000000000000e+00
3.700370398549668494e+01 4.000000000000000000e+00
3.700420398549665890e+01 2.000000000000000000e+00
3.700470398549664708e+01 0.000000000000000000e+00
3.700520398549662104e+01 1.000000000000000000e+00
3.700570398549660922e+01 1.000000000000000000e+00
3.700620398549658319e+01 1.000000000000000000e+00
3.700670398549657136e+01 3.000000000000000000e+00
3.700720398549654533e+01 2.000000000000000000e+00
3.700770398549653351e+01 2.000000000000000000e+00
3.700820398549650747e+01 3.000000000000000000e+00
3.700870398549649565e+01 5.000000000000000000e+00
3.700920398549646961e+01 4.000000000000000000e+00
3.700970398549645779e+01 2.000000000000000000e+00
3.701020398549643176e+01 3.000000000000000000e+00
3.701070398549641993e+01 2.000000000000000000e+00
3.701120398549639390e+01 2.000000000000000000e+00
3.701170398549638207e+01 2.000000000000000000e+00
3.701220398549635604e+01 1.000000000000000000e+00
3.701270398549634422e+01 4.000000000000000000e+00
3.701320398549631818e+01 4.000000000000000000e+00
3.701370398549630636e+01 0.000000000000000000e+00
3.701420398549628032e+01 4.000000000000000000e+00
3.701470398549626850e+01 2.000000000000000000e+00
3.701520398549624247e+01 4.000000000000000000e+00
3.701570398549623064e+01 2.000000000000000000e+00
3.701620398549620461e+01 3.000000000000000000e+00
3.701670398549619279e+01 4.000000000000000000e+00
3.701720398549616675e+01 6.000000000000000000e+00
3.701770398549615493e+01 9.000000000000000000e+00
3.701820398549612889e+01 5.000000000000000000e+00
3.701870398549611707e+01 3.000000000000000000e+00
3.701920398549609104e+01 3.000000000000000000e+00
3.701970398549607921e+01 3.000000000000000000e+00
3.702020398549605318e+01 2.000000000000000000e+00
3.702070398549604135e+01 4.000000000000000000e+00
3.702120398549601532e+01 2.000000000000000000e+00
3.702170398549600350e+01 4.000000000000000000e+00
3.702220398549597746e+01 4.000000000000000000e+00
3.702270398549596564e+01 5.000000000000000000e+00
3.702320398549593961e+01 5.000000000000000000e+00
3.702370398549592778e+01 5.000000000000000000e+00
3.702420398549590175e+01 7.000000000000000000e+00
3.702470398549588992e+01 7.000000000000000000e+00
3.702520398549586389e+01 1.200000000000000000e+01
3.702570398549585207e+01 1.100000000000000000e+01
3.702620398549582603e+01 1.600000000000000000e+01
3.702670398549581421e+01 1.600000000000000000e+01
3.702720398549578817e+01 1.600000000000000000e+01
3.702770398549577635e+01 1.400000000000000000e+01
3.702820398549575032e+01 1.600000000000000000e+01
3.702870398549573849e+01 2.000000000000000000e+01
3.702920398549571246e+01 1.200000000000000000e+01
3.702970398549570064e+01 1.700000000000000000e+01
3.703020398549567460e+01 1.800000000000000000e+01
3.703070398549566278e+01 1.400000000000000000e+01
3.703120398549563674e+01 1.300000000000000000e+01
3.703170398549562492e+01 1.500000000000000000e+01
3.703220398549559889e+01 1.700000000000000000e+01
3.703270398549558706e+01 1.800000000000000000e+01
3.703320398549556103e+01 1.600000000000000000e+01
3.703370398549554920e+01 8.000000000000000000e+00
3.703420398549552317e+01 1.600000000000000000e+01
3.703470398549551135e+01 1.500000000000000000e+01
3.703520398549548531e+01 9.000000000000000000e+00
3.703570398549547349e+01 1.700000000000000000e+01
3.703620398549544745e+01 1.000000000000000000e+01
3.703670398549543563e+01 1.600000000000000000e+01
3.703720398549540960e+01 6.000000000000000000e+00
3.703770398549539777e+01 8.000000000000000000e+00
3.703820398549537174e+01 7.000000000000000000e+00
3.703870398549535992e+01 1.300000000000000000e+01
3.703920398549533388e+01 8.000000000000000000e+00
3.703970398549532206e+01 5.000000000000000000e+00
3.704020398549529602e+01 3.000000000000000000e+00
3.704070398549528420e+01 7.000000000000000000e+00
3.704120398549525817e+01 4.000000000000000000e+00
3.704170398549524634e+01 7.000000000000000000e+00
3.704220398549522031e+01 1.200000000000000000e+01
3.704270398549520849e+01 8.000000000000000000e+00
3.704320398549518245e+01 1.000000000000000000e+01
3.704370398549517063e+01 5.000000000000000000e+00
3.704420398549514459e+01 6.000000000000000000e+00
3.704470398549513277e+01 4.000000000000000000e+00
3.704520398549510674e+01 7.000000000000000000e+00
3.704570398549509491e+01 2.000000000000000000e+00
3.704620398549506888e+01 4.000000000000000000e+00
3.704670398549505705e+01 7.000000000000000000e+00
3.704720398549503102e+01 5.000000000000000000e+00
3.704770398549501920e+01 3.000000000000000000e+00
3.704820398549499316e+01 3.000000000000000000e+00
3.704870398549498134e+01 5.000000000000000000e+00
3.704920398549495530e+01 7.000000000000000000e+00
3.704970398549494348e+01 6.000000000000000000e+00
3.705020398549491745e+01 6.000000000000000000e+00
3.705070398549490562e+01 5.000000000000000000e+00
3.705120398549487959e+01 7.000000000000000000e+00
3.705170398549486777e+01 8.000000000000000000e+00
3.705220398549484173e+01 9.000000000000000000e+00
3.705270398549482991e+01 4.000000000000000000e+00
3.705320398549480387e+01 5.000000000000000000e+00
3.705370398549479205e+01 1.100000000000000000e+01
3.705420398549476602e+01 6.000000000000000000e+00
3.705470398549475419e+01 3.000000000000000000e+00
3.705520398549472816e+01 5.000000000000000000e+00
3.705570398549471633e+01 7.000000000000000000e+00
3.705620398549469030e+01 8.000000000000000000e+00
3.705670398549467848e+01 3.000000000000000000e+00
3.705720398549465244e+01 3.000000000000000000e+00
3.705770398549464062e+01 4.000000000000000000e+00
3.705820398549461459e+01 7.000000000000000000e+00
3.705870398549460276e+01 5.000000000000000000e+00
3.705920398549457673e+01 6.000000000000000000e+00
3.705970398549456490e+01 3.000000000000000000e+00
3.706020398549453887e+01 3.000000000000000000e+00
3.706070398549452705e+01 3.000000000000000000e+00
3.706120398549450101e+01 4.000000000000000000e+00
3.706170398549448919e+01 6.000000000000000000e+00
3.706220398549446315e+01 8.000000000000000000e+00
3.706270398549445133e+01 4.000000000000000000e+00
3.706320398549442530e+01 5.000000000000000000e+00
3.706370398549441347e+01 4.000000000000000000e+00
3.706420398549438744e+01 2.000000000000000000e+00
3.706470398549437562e+01 4.000000000000000000e+00
3.706520398549434958e+01 3.000000000000000000e+00
3.706570398549433776e+01 4.000000000000000000e+00
3.706620398549431172e+01 5.000000000000000000e+00
3.706670398549429990e+01 2.000000000000000000e+00
3.706720398549427387e+01 4.000000000000000000e+00
3.706770398549426204e+01 5.000000000000000000e+00
3.706820398549423601e+01 5.000000000000000000e+00
3.706870398549422418e+01 2.000000000000000000e+00
3.706920398549419815e+01 3.000000000000000000e+00
3.706970398549418633e+01 0.000000000000000000e+00
3.707020398549416029e+01 4.000000000000000000e+00
3.707070398549414847e+01 5.000000000000000000e+00
3.707120398549412243e+01 5.000000000000000000e+00
3.707170398549411061e+01 5.000000000000000000e+00
3.707220398549408458e+01 3.000000000000000000e+00
3.707270398549407275e+01 5.000000000000000000e+00
3.707320398549404672e+01 4.000000000000000000e+00
3.707370398549403490e+01 4.000000000000000000e+00
3.707420398549400886e+01 4.000000000000000000e+00
3.707470398549399704e+01 3.000000000000000000e+00
3.707520398549397100e+01 5.000000000000000000e+00
3.707570398549395918e+01 4.000000000000000000e+00
3.707620398549393315e+01 3.000000000000000000e+00
3.707670398549392132e+01 3.000000000000000000e+00
3.707720398549389529e+01 3.000000000000000000e+00
3.707770398549388347e+01 2.000000000000000000e+00
3.707820398549385743e+01 3.000000000000000000e+00
3.707870398549384561e+01 5.000000000000000000e+00
3.707920398549381957e+01 3.000000000000000000e+00
3.707970398549380775e+01 2.000000000000000000e+00
3.708020398549378172e+01 4.000000000000000000e+00
3.708070398549376989e+01 4.000000000000000000e+00
3.708120398549374386e+01 5.000000000000000000e+00
3.708170398549373203e+01 4.000000000000000000e+00
3.708220398549370600e+01 5.000000000000000000e+00
3.708270398549369418e+01 3.000000000000000000e+00
3.708320398549366814e+01 2.000000000000000000e+00
3.708370398549365632e+01 5.000000000000000000e+00
3.708420398549363028e+01 3.000000000000000000e+00
3.708470398549361846e+01 6.000000000000000000e+00
3.708520398549359243e+01 3.000000000000000000e+00
3.708570398549358060e+01 5.000000000000000000e+00
3.708620398549355457e+01 4.000000000000000000e+00
3.708670398549354275e+01 5.000000000000000000e+00
3.708720398549351671e+01 1.000000000000000000e+00
3.708770398549350489e+01 5.000000000000000000e+00
3.708820398549347885e+01 4.000000000000000000e+00
3.708870398549346703e+01 5.000000000000000000e+00
3.708920398549344100e+01 1.000000000000000000e+00
3.708970398549342917e+01 3.000000000000000000e+00
3.709020398549340314e+01 5.000000000000000000e+00
3.709070398549339131e+01 4.000000000000000000e+00
3.709120398549336528e+01 2.000000000000000000e+00
3.709170398549335346e+01 4.000000000000000000e+00
3.709220398549332742e+01 3.000000000000000000e+00
3.709270398549331560e+01 3.000000000000000000e+00
3.709320398549328957e+01 2.000000000000000000e+00
3.709370398549327774e+01 3.000000000000000000e+00
3.709420398549325171e+01 1.000000000000000000e+00
3.709470398549323988e+01 0.000000000000000000e+00
3.709520398549321385e+01 6.000000000000000000e+00
3.709570398549320203e+01 3.000000000000000000e+00
3.709620398549317599e+01 7.000000000000000000e+00
3.709670398549316417e+01 1.000000000000000000e+00
3.709720398549313813e+01 1.000000000000000000e+00
3.709770398549312631e+01 5.000000000000000000e+00
3.709820398549310028e+01 4.000000000000000000e+00
3.709870398549308845e+01 5.000000000000000000e+00
3.709920398549306242e+01 5.000000000000000000e+00
3.709970398549305060e+01 6.000000000000000000e+00
3.710020398549302456e+01 3.000000000000000000e+00
3.710070398549301274e+01 4.000000000000000000e+00
3.710120398549298670e+01 5.000000000000000000e+00
3.710170398549297488e+01 3.000000000000000000e+00
3.710220398549294885e+01 4.000000000000000000e+00
3.710270398549293702e+01 3.000000000000000000e+00
3.710320398549291099e+01 1.000000000000000000e+00
3.710370398549289916e+01 4.000000000000000000e+00
3.710420398549287313e+01 2.000000000000000000e+00
3.710470398549286131e+01 3.000000000000000000e+00
3.710520398549283527e+01 3.000000000000000000e+00
3.710570398549282345e+01 5.000000000000000000e+00
3.710620398549279741e+01 5.000000000000000000e+00
3.710670398549278559e+01 5.000000000000000000e+00
3.710720398549275956e+01 2.000000000000000000e+00
3.710770398549274773e+01 2.000000000000000000e+00
3.710820398549272170e+01 2.000000000000000000e+00
3.710870398549270988e+01 3.000000000000000000e+00
3.710920398549268384e+01 5.000000000000000000e+00
3.710970398549267202e+01 1.000000000000000000e+00
3.711020398549264598e+01 6.000000000000000000e+00
3.711070398549263416e+01 2.000000000000000000e+00
3.711120398549260813e+01 2.000000000000000000e+00
3.711170398549259630e+01 2.000000000000000000e+00
3.711220398549257027e+01 1.000000000000000000e+00
3.711270398549255845e+01 4.000000000000000000e+00
3.711320398549253241e+01 2.000000000000000000e+00
3.711370398549252059e+01 3.000000000000000000e+00
3.711420398549249455e+01 1.000000000000000000e+00
3.711470398549248273e+01 4.000000000000000000e+00
3.711520398549245670e+01 4.000000000000000000e+00
3.711570398549244487e+01 7.000000000000000000e+00
3.711620398549241884e+01 5.000000000000000000e+00
3.711670398549240701e+01 3.000000000000000000e+00
3.711720398549238098e+01 4.000000000000000000e+00
3.711770398549236916e+01 2.000000000000000000e+00
3.711820398549234312e+01 3.000000000000000000e+00
3.711870398549233130e+01 4.000000000000000000e+00
3.711920398549230526e+01 2.000000000000000000e+00
3.711970398549229344e+01 1.000000000000000000e+00
3.712020398549226741e+01 1.000000000000000000e+00
3.712070398549225558e+01 1.000000000000000000e+00
3.712120398549222955e+01 4.000000000000000000e+00
3.712170398549221773e+01 4.000000000000000000e+00
3.712220398549219169e+01 5.000000000000000000e+00
3.712270398549217987e+01 0.000000000000000000e+00
3.712320398549215383e+01 4.000000000000000000e+00
3.712370398549214201e+01 2.000000000000000000e+00
3.712420398549211598e+01 2.000000000000000000e+00
3.712470398549210415e+01 4.000000000000000000e+00
3.712520398549207812e+01 4.000000000000000000e+00
3.712570398549206629e+01 1.000000000000000000e+00
3.712620398549204026e+01 4.000000000000000000e+00
3.712670398549202844e+01 2.000000000000000000e+00
3.712720398549200240e+01 5.000000000000000000e+00
3.712770398549199058e+01 5.000000000000000000e+00
3.712820398549196454e+01 0.000000000000000000e+00
3.712870398549195272e+01 1.000000000000000000e+00
3.712920398549192669e+01 0.000000000000000000e+00
3.712970398549191486e+01 0.000000000000000000e+00
3.713020398549188883e+01 1.000000000000000000e+00
3.713070398549187701e+01 0.000000000000000000e+00
3.713120398549185097e+01 4.000000000000000000e+00
3.713170398549183915e+01 2.000000000000000000e+00
3.713220398549181311e+01 4.000000000000000000e+00
3.713270398549180129e+01 5.000000000000000000e+00
3.713320398549177526e+01 2.000000000000000000e+00
3.713370398549176343e+01 3.000000000000000000e+00
3.713420398549173740e+01 3.000000000000000000e+00
3.713470398549172558e+01 3.000000000000000000e+00
3.713520398549169954e+01 1.000000000000000000e+00
3.713570398549168772e+01 4.000000000000000000e+00
3.713620398549166168e+01 2.000000000000000000e+00
3.713670398549164986e+01 4.000000000000000000e+00
3.713720398549162383e+01 2.000000000000000000e+00
3.713770398549161200e+01 4.000000000000000000e+00
3.713820398549158597e+01 1.000000000000000000e+00
3.713870398549157414e+01 5.000000000000000000e+00
3.713920398549154811e+01 7.000000000000000000e+00
3.713970398549153629e+01 4.000000000000000000e+00
3.714020398549151025e+01 2.000000000000000000e+00
3.714070398549149843e+01 4.000000000000000000e+00
3.714120398549147239e+01 1.000000000000000000e+00
3.714170398549146057e+01 9.000000000000000000e+00
3.714220398549143454e+01 4.000000000000000000e+00
3.714270398549142271e+01 1.000000000000000000e+00
3.714320398549139668e+01 4.000000000000000000e+00
3.714370398549138486e+01 2.000000000000000000e+00
3.714420398549135882e+01 2.000000000000000000e+00
3.714470398549134700e+01 2.000000000000000000e+00
3.714520398549132096e+01 1.000000000000000000e+00
3.714570398549130914e+01 1.000000000000000000e+00
3.714620398549128311e+01 1.000000000000000000e+00
3.714670398549127128e+01 2.000000000000000000e+00
3.714720398549124525e+01 2.000000000000000000e+00
3.714770398549123342e+01 4.000000000000000000e+00
3.714820398549120739e+01 6.000000000000000000e+00
3.714870398549119557e+01 3.000000000000000000e+00
3.714920398549116953e+01 4.000000000000000000e+00
3.714970398549115771e+01 3.000000000000000000e+00
3.715020398549113168e+01 5.000000000000000000e+00
3.715070398549111985e+01 1.000000000000000000e+00
3.715120398549109382e+01 0.000000000000000000e+00
3.715170398549108199e+01 5.000000000000000000e+00
3.715220398549105596e+01 4.000000000000000000e+00
3.715270398549104414e+01 4.000000000000000000e+00
3.715320398549101810e+01 3.000000000000000000e+00
3.715370398549100628e+01 4.000000000000000000e+00
3.715420398549098024e+01 1.000000000000000000e+00
3.715470398549096842e+01 0.000000000000000000e+00
3.715520398549094239e+01 1.000000000000000000e+00
3.715570398549093056e+01 2.000000000000000000e+00
3.715620398549090453e+01 5.000000000000000000e+00
3.715670398549089271e+01 2.000000000000000000e+00
3.715720398549086667e+01 1.000000000000000000e+00
3.715770398549085485e+01 2.000000000000000000e+00
3.715820398549082881e+01 2.000000000000000000e+00
3.715870398549081699e+01 2.000000000000000000e+00
3.715920398549079096e+01 2.000000000000000000e+00
3.715970398549077913e+01 4.000000000000000000e+00
3.716020398549075310e+01 1.000000000000000000e+00
3.716070398549074127e+01 5.000000000000000000e+00
3.716120398549071524e+01 1.000000000000000000e+00
3.716170398549070342e+01 1.000000000000000000e+00
3.716220398549067738e+01 4.000000000000000000e+00
3.716270398549066556e+01 1.000000000000000000e+00
3.716320398549063952e+01 2.000000000000000000e+00
3.716370398549062770e+01 2.000000000000000000e+00
3.716420398549060167e+01 5.000000000000000000e+00
3.716470398549058984e+01 4.000000000000000000e+00
3.716520398549056381e+01 2.000000000000000000e+00
3.716570398549055199e+01 2.000000000000000000e+00
3.716620398549052595e+01 2.000000000000000000e+00
3.716670398549051413e+01 7.000000000000000000e+00
3.716720398549048809e+01 1.000000000000000000e+00
3.716770398549047627e+01 5.000000000000000000e+00
3.716820398549045024e+01 6.000000000000000000e+00
3.716870398549043841e+01 5.000000000000000000e+00
3.716920398549041238e+01 2.000000000000000000e+00
3.716970398549040056e+01 1.000000000000000000e+00
3.717020398549037452e+01 2.000000000000000000e+00
3.717070398549036270e+01 0.000000000000000000e+00
3.717120398549033666e+01 5.000000000000000000e+00
3.717170398549032484e+01 0.000000000000000000e+00
3.717220398549029881e+01 3.000000000000000000e+00
3.717270398549028698e+01 2.000000000000000000e+00
3.717320398549026095e+01 3.000000000000000000e+00
3.717370398549024912e+01 2.000000000000000000e+00
3.717420398549022309e+01 4.000000000000000000e+00
3.717470398549021127e+01 0.000000000000000000e+00
3.717520398549018523e+01 2.000000000000000000e+00
3.717570398549017341e+01 3.000000000000000000e+00
3.717620398549014737e+01 8.000000000000000000e+00
3.717670398549013555e+01 1.000000000000000000e+00
3.717720398549010952e+01 4.000000000000000000e+00
3.717770398549009769e+01 3.000000000000000000e+00
3.717820398549007166e+01 0.000000000000000000e+00
3.717870398549005984e+01 2.000000000000000000e+00
3.717920398549003380e+01 0.000000000000000000e+00
3.717970398549002198e+01 1.000000000000000000e+00
3.718020398548999594e+01 2.000000000000000000e+00
3.718070398548998412e+01 5.000000000000000000e+00
3.718120398548995809e+01 2.000000000000000000e+00
3.718170398548994626e+01 5.000000000000000000e+00
3.718220398548992023e+01 0.000000000000000000e+00
3.718270398548990840e+01 1.000000000000000000e+00
3.718320398548988237e+01 3.000000000000000000e+00
3.718370398548987055e+01 1.000000000000000000e+00
3.718420398548984451e+01 1.000000000000000000e+00
3.718470398548983269e+01 1.000000000000000000e+00
3.718520398548980666e+01 2.000000000000000000e+00
3.718570398548979483e+01 5.000000000000000000e+00
3.718620398548976880e+01 2.000000000000000000e+00
3.718670398548975697e+01 3.000000000000000000e+00
3.718720398548973094e+01 5.000000000000000000e+00
3.718770398548971912e+01 2.000000000000000000e+00
3.718820398548969308e+01 3.000000000000000000e+00
3.718870398548968126e+01 1.000000000000000000e+00
3.718920398548965522e+01 4.000000000000000000e+00
3.718970398548964340e+01 6.000000000000000000e+00
3.719020398548961737e+01 4.000000000000000000e+00
3.719070398548960554e+01 3.000000000000000000e+00
3.719120398548957951e+01 3.000000000000000000e+00
3.719170398548956769e+01 4.000000000000000000e+00
3.719220398548954165e+01 6.000000000000000000e+00
3.719270398548952983e+01 1.000000000000000000e+00
3.719320398548950379e+01 1.000000000000000000e+00
3.719370398548949197e+01 2.000000000000000000e+00
3.719420398548946594e+01 0.000000000000000000e+00
3.719470398548945411e+01 2.000000000000000000e+00
3.719520398548942808e+01 3.000000000000000000e+00
3.719570398548941625e+01 7.000000000000000000e+00
3.719620398548939022e+01 5.000000000000000000e+00
3.719670398548937840e+01 2.000000000000000000e+00
3.719720398548935236e+01 3.000000000000000000e+00
3.719770398548934054e+01 3.000000000000000000e+00
3.719820398548931450e+01 2.000000000000000000e+00
3.719870398548930268e+01 3.000000000000000000e+00
3.719920398548927665e+01 4.000000000000000000e+00
3.719970398548926482e+01 5.000000000000000000e+00
3.720020398548923879e+01 2.000000000000000000e+00
3.720070398548922697e+01 4.000000000000000000e+00
3.720120398548920093e+01 1.000000000000000000e+00
3.720170398548918911e+01 3.000000000000000000e+00
3.720220398548916307e+01 3.000000000000000000e+00
3.720270398548915125e+01 3.000000000000000000e+00
3.720320398548912522e+01 7.000000000000000000e+00
3.720370398548911339e+01 4.000000000000000000e+00
3.720420398548908736e+01 4.000000000000000000e+00
3.720470398548907554e+01 2.000000000000000000e+00
3.720520398548904950e+01 5.000000000000000000e+00
3.720570398548903768e+01 4.000000000000000000e+00
3.720620398548901164e+01 7.000000000000000000e+00
3.720670398548899982e+01 2.000000000000000000e+00
3.720720398548897379e+01 3.000000000000000000e+00
3.720770398548896196e+01 2.000000000000000000e+00
3.720820398548893593e+01 8.000000000000000000e+00
3.720870398548892410e+01 1.000000000000000000e+00
3.720920398548889807e+01 4.000000000000000000e+00
3.720970398548888625e+01 1.000000000000000000e+00
3.721020398548886021e+01 3.000000000000000000e+00
3.721070398548884839e+01 6.000000000000000000e+00
3.721120398548882235e+01 8.000000000000000000e+00
3.721170398548881053e+01 5.000000000000000000e+00
3.721220398548878450e+01 4.000000000000000000e+00
3.721270398548877267e+01 3.000000000000000000e+00
3.721320398548874664e+01 2.000000000000000000e+00
3.721370398548873482e+01 2.000000000000000000e+00
3.721420398548870878e+01 3.000000000000000000e+00
3.721470398548869696e+01 1.000000000000000000e+00
3.721520398548867092e+01 7.000000000000000000e+00
3.721570398548865910e+01 2.000000000000000000e+00
3.721620398548863307e+01 2.000000000000000000e+00
3.721670398548862124e+01 5.000000000000000000e+00
3.721720398548859521e+01 2.000000000000000000e+00
3.721770398548858338e+01 4.000000000000000000e+00
3.721820398548855735e+01 4.000000000000000000e+00
3.721870398548854553e+01 1.000000000000000000e+01
3.721920398548851949e+01 5.000000000000000000e+00
3.721970398548850767e+01 2.000000000000000000e+00
3.722020398548848164e+01 2.000000000000000000e+00
3.722070398548846981e+01 6.000000000000000000e+00
3.722120398548844378e+01 4.000000000000000000e+00
3.722170398548843195e+01 7.000000000000000000e+00
3.722220398548840592e+01 1.000000000000000000e+00
3.722270398548839410e+01 3.000000000000000000e+00
3.722320398548836806e+01 7.000000000000000000e+00
3.722370398548835624e+01 2.000000000000000000e+00
3.722420398548833020e+01 4.000000000000000000e+00
3.722470398548831838e+01 3.000000000000000000e+00
3.722520398548829235e+01 5.000000000000000000e+00
3.722570398548828052e+01 4.000000000000000000e+00
3.722620398548825449e+01 5.000000000000000000e+00
3.722670398548824267e+01 1.000000000000000000e+00
3.722720398548821663e+01 3.000000000000000000e+00
3.722770398548820481e+01 6.000000000000000000e+00
3.722820398548817877e+01 5.000000000000000000e+00
3.722870398548816695e+01 4.000000000000000000e+00
3.722920398548814092e+01 5.000000000000000000e+00
3.722970398548812909e+01 1.000000000000000000e+00
3.723020398548810306e+01 7.000000000000000000e+00
3.723070398548809123e+01 2.000000000000000000e+00
3.723120398548806520e+01 4.000000000000000000e+00
3.723170398548805338e+01 6.000000000000000000e+00
3.723220398548802734e+01 2.000000000000000000e+00
3.723270398548801552e+01 4.000000000000000000e+00
3.723320398548798948e+01 6.000000000000000000e+00
3.723370398548797766e+01 4.000000000000000000e+00
3.723420398548795163e+01 4.000000000000000000e+00
3.723470398548793980e+01 2.000000000000000000e+00
3.723520398548791377e+01 6.000000000000000000e+00
3.723570398548790195e+01 4.000000000000000000e+00
3.723620398548787591e+01 7.000000000000000000e+00
3.723670398548786409e+01 1.000000000000000000e+00
3.723720398548783805e+01 4.000000000000000000e+00
3.723770398548782623e+01 5.000000000000000000e+00
3.723820398548780020e+01 4.000000000000000000e+00
3.723870398548778837e+01 4.000000000000000000e+00
3.723920398548776234e+01 2.000000000000000000e+00
3.723970398548775051e+01 3.000000000000000000e+00
3.724020398548772448e+01 3.000000000000000000e+00
3.724070398548771266e+01 1.000000000000000000e+00
3.724120398548768662e+01 9.000000000000000000e+00
3.724170398548767480e+01 5.000000000000000000e+00
3.724220398548764877e+01 0.000000000000000000e+00
3.724270398548763694e+01 3.000000000000000000e+00
3.724320398548761091e+01 2.000000000000000000e+00
3.724370398548759908e+01 6.000000000000000000e+00
3.724420398548757305e+01 7.000000000000000000e+00
3.724470398548756123e+01 6.000000000000000000e+00
3.724520398548753519e+01 8.000000000000000000e+00
3.724570398548752337e+01 7.000000000000000000e+00
3.724620398548749733e+01 3.000000000000000000e+00
3.724670398548748551e+01 4.000000000000000000e+00
3.724720398548745948e+01 4.000000000000000000e+00
3.724770398548744765e+01 3.000000000000000000e+00
3.724820398548742162e+01 5.000000000000000000e+00
3.724870398548740980e+01 3.000000000000000000e+00
3.724920398548738376e+01 3.000000000000000000e+00
3.724970398548737194e+01 3.000000000000000000e+00
3.725020398548734590e+01 5.000000000000000000e+00
3.725070398548733408e+01 3.000000000000000000e+00
3.725120398548730805e+01 6.000000000000000000e+00
3.725170398548729622e+01 3.000000000000000000e+00
3.725220398548727019e+01 2.000000000000000000e+00
3.725270398548725836e+01 0.000000000000000000e+00
3.725320398548723233e+01 3.000000000000000000e+00
3.725370398548722051e+01 2.000000000000000000e+00
3.725420398548719447e+01 3.000000000000000000e+00
3.725470398548718265e+01 4.000000000000000000e+00
3.725520398548715661e+01 2.000000000000000000e+00
3.725570398548714479e+01 6.000000000000000000e+00
3.725620398548711876e+01 1.000000000000000000e+00
3.725670398548710693e+01 0.000000000000000000e+00
3.725720398548708090e+01 2.000000000000000000e+00
3.725770398548706908e+01 3.000000000000000000e+00
3.725820398548704304e+01 4.000000000000000000e+00
3.725870398548703122e+01 2.000000000000000000e+00
3.725920398548700518e+01 4.000000000000000000e+00
3.725970398548699336e+01 2.000000000000000000e+00
3.726020398548696733e+01 2.000000000000000000e+00
3.726070398548695550e+01 1.000000000000000000e+00
3.726120398548692947e+01 3.000000000000000000e+00
3.726170398548691765e+01 1.000000000000000000e+00
3.726220398548689161e+01 2.000000000000000000e+00
3.726270398548687979e+01 0.000000000000000000e+00
3.726320398548685375e+01 0.000000000000000000e+00
3.726370398548684193e+01 8.000000000000000000e+00
3.726420398548681590e+01 1.000000000000000000e+00
3.726470398548680407e+01 4.000000000000000000e+00
3.726520398548677804e+01 5.000000000000000000e+00
3.726570398548676621e+01 2.000000000000000000e+00
3.726620398548674018e+01 2.000000000000000000e+00
3.726670398548672836e+01 3.000000000000000000e+00
3.726720398548670232e+01 3.000000000000000000e+00
3.726770398548669050e+01 3.000000000000000000e+00
3.726820398548666446e+01 2.000000000000000000e+00
3.726870398548665264e+01 2.000000000000000000e+00
3.726920398548662661e+01 3.000000000000000000e+00
3.726970398548661478e+01 1.000000000000000000e+00
3.727020398548658875e+01 2.000000000000000000e+00
3.727070398548657693e+01 5.000000000000000000e+00
3.727120398548655089e+01 2.000000000000000000e+00
3.727170398548653907e+01 3.000000000000000000e+00
3.727220398548651303e+01 3.000000000000000000e+00
3.727270398548650121e+01 1.000000000000000000e+00
3.727320398548647518e+01 3.000000000000000000e+00
3.727370398548646335e+01 1.000000000000000000e+00
3.727420398548643732e+01 4.000000000000000000e+00
3.727470398548642549e+01 2.000000000000000000e+00
3.727520398548639946e+01 2.000000000000000000e+00
3.727570398548638764e+01 1.000000000000000000e+00
3.727620398548636160e+01 2.000000000000000000e+00
3.727670398548634978e+01 1.000000000000000000e+00
3.727720398548632375e+01 1.000000000000000000e+00
3.727770398548631192e+01 3.000000000000000000e+00
3.727820398548628589e+01 2.000000000000000000e+00
3.727870398548627406e+01 5.000000000000000000e+00
3.727920398548624803e+01 3.000000000000000000e+00
3.727970398548623621e+01 3.000000000000000000e+00
3.728020398548621017e+01 2.000000000000000000e+00
3.728070398548619835e+01 3.000000000000000000e+00
3.728120398548617231e+01 4.000000000000000000e+00
3.728170398548616049e+01 2.000000000000000000e+00
3.728220398548613446e+01 2.000000000000000000e+00
3.728270398548612263e+01 1.000000000000000000e+00
3.728320398548609660e+01 3.000000000000000000e+00
3.728370398548608478e+01 3.000000000000000000e+00
3.728420398548605874e+01 5.000000000000000000e+00
3.728470398548604692e+01 2.000000000000000000e+00
3.728520398548602088e+01 3.000000000000000000e+00
3.728570398548600906e+01 2.000000000000000000e+00
3.728620398548598303e+01 2.000000000000000000e+00
3.728670398548597120e+01 2.000000000000000000e+00
3.728720398548594517e+01 2.000000000000000000e+00
3.728770398548593334e+01 3.000000000000000000e+00
3.728820398548590731e+01 2.000000000000000000e+00
3.728870398548589549e+01 1.000000000000000000e+00
3.728920398548586945e+01 1.000000000000000000e+00
3.728970398548585763e+01 4.000000000000000000e+00
3.729020398548583159e+01 3.000000000000000000e+00
3.729070398548581977e+01 1.000000000000000000e+00
3.729120398548579374e+01 3.000000000000000000e+00
3.729170398548578191e+01 1.000000000000000000e+00
3.729220398548575588e+01 2.000000000000000000e+00
3.729270398548574406e+01 3.000000000000000000e+00
3.729320398548571802e+01 3.000000000000000000e+00
3.729370398548570620e+01 1.000000000000000000e+00
3.729420398548568016e+01 2.000000000000000000e+00
3.729470398548566834e+01 1.000000000000000000e+00
3.729520398548564231e+01 2.000000000000000000e+00
3.729570398548563048e+01 5.000000000000000000e+00
3.729620398548560445e+01 5.000000000000000000e+00
3.729670398548559263e+01 3.000000000000000000e+00
3.729720398548556659e+01 3.000000000000000000e+00
3.729770398548555477e+01 2.000000000000000000e+00
3.729820398548552873e+01 5.000000000000000000e+00
3.729870398548551691e+01 2.000000000000000000e+00
3.729920398548549088e+01 4.000000000000000000e+00
3.729970398548547905e+01 2.000000000000000000e+00
3.730020398548545302e+01 2.000000000000000000e+00
3.730070398548544119e+01 3.000000000000000000e+00
3.730120398548541516e+01 7.000000000000000000e+00
3.730170398548540334e+01 3.000000000000000000e+00
3.730220398548537730e+01 2.000000000000000000e+00
3.730270398548536548e+01 1.000000000000000000e+00
3.730320398548533944e+01 4.000000000000000000e+00
3.730370398548532762e+01 4.000000000000000000e+00
3.730420398548530159e+01 0.000000000000000000e+00
3.730470398548528976e+01 0.000000000000000000e+00
3.730520398548526373e+01 1.000000000000000000e+00
3.730570398548525191e+01 0.000000000000000000e+00
3.730620398548522587e+01 1.000000000000000000e+00
3.730670398548521405e+01 5.000000000000000000e+00
3.730720398548518801e+01 3.000000000000000000e+00
3.730770398548517619e+01 4.000000000000000000e+00
3.730820398548515016e+01 0.000000000000000000e+00
3.730870398548513833e+01 2.000000000000000000e+00
3.730920398548511230e+01 2.000000000000000000e+00
3.730970398548510047e+01 3.000000000000000000e+00
3.731020398548507444e+01 3.000000000000000000e+00
3.731070398548506262e+01 5.000000000000000000e+00
3.731120398548503658e+01 3.000000000000000000e+00
3.731170398548502476e+01 4.000000000000000000e+00
3.731220398548499873e+01 4.000000000000000000e+00
3.731270398548498690e+01 1.000000000000000000e+00
3.731320398548496087e+01 5.000000000000000000e+00
3.731370398548494904e+01 6.000000000000000000e+00
3.731420398548492301e+01 4.000000000000000000e+00
3.731470398548491119e+01 2.000000000000000000e+00
3.731520398548488515e+01 4.000000000000000000e+00
3.731570398548487333e+01 1.000000000000000000e+00
3.731620398548484729e+01 2.000000000000000000e+00
3.731670398548483547e+01 1.000000000000000000e+00
3.731720398548480944e+01 0.000000000000000000e+00
3.731770398548479761e+01 2.000000000000000000e+00
3.731820398548477158e+01 2.000000000000000000e+00
3.731870398548475976e+01 0.000000000000000000e+00
3.731920398548473372e+01 3.000000000000000000e+00
3.731970398548472190e+01 4.000000000000000000e+00
3.732020398548469586e+01 2.000000000000000000e+00
3.732070398548468404e+01 0.000000000000000000e+00
3.732120398548465801e+01 1.000000000000000000e+00
3.732170398548464618e+01 3.000000000000000000e+00
3.732220398548462015e+01 1.000000000000000000e+00
3.732270398548460832e+01 3.000000000000000000e+00
3.732320398548458229e+01 3.000000000000000000e+00
3.732370398548457047e+01 1.000000000000000000e+00
3.732420398548454443e+01 3.000000000000000000e+00
3.732470398548453261e+01 4.000000000000000000e+00
3.732520398548450657e+01 0.000000000000000000e+00
3.732570398548449475e+01 3.000000000000000000e+00
3.732620398548446872e+01 3.000000000000000000e+00
3.732670398548445689e+01 1.000000000000000000e+00
3.732720398548443086e+01 2.000000000000000000e+00
3.732770398548441904e+01 2.000000000000000000e+00
3.732820398548439300e+01 3.000000000000000000e+00
3.732870398548438118e+01 2.000000000000000000e+00
3.732920398548435514e+01 1.000000000000000000e+00
3.732970398548434332e+01 2.000000000000000000e+00
3.733020398548431729e+01 4.000000000000000000e+00
3.733070398548430546e+01 1.000000000000000000e+00
3.733120398548427943e+01 0.000000000000000000e+00
3.733170398548426760e+01 3.000000000000000000e+00
3.733220398548424157e+01 3.000000000000000000e+00
3.733270398548422975e+01 4.000000000000000000e+00
3.733320398548420371e+01 3.000000000000000000e+00
3.733370398548419189e+01 1.000000000000000000e+00
3.733420398548416586e+01 1.000000000000000000e+00
3.733470398548415403e+01 2.000000000000000000e+00
3.733520398548412800e+01 1.000000000000000000e+00
3.733570398548411617e+01 4.000000000000000000e+00
3.733620398548409014e+01 2.000000000000000000e+00
3.733670398548407832e+01 2.000000000000000000e+00
3.733720398548405228e+01 4.000000000000000000e+00
3.733770398548404046e+01 2.000000000000000000e+00
3.733820398548401442e+01 0.000000000000000000e+00
3.733870398548400260e+01 3.000000000000000000e+00
3.733920398548397657e+01 1.000000000000000000e+00
3.733970398548396474e+01 1.000000000000000000e+00
3.734020398548393871e+01 2.000000000000000000e+00
3.734070398548392689e+01 3.000000000000000000e+00
3.734120398548390085e+01 2.000000000000000000e+00
3.734170398548388903e+01 5.000000000000000000e+00
3.734220398548386299e+01 4.000000000000000000e+00
3.734270398548385117e+01 5.000000000000000000e+00
3.734320398548382514e+01 4.000000000000000000e+00
3.734370398548381331e+01 2.000000000000000000e+00
3.734420398548378728e+01 1.000000000000000000e+00
3.734470398548377545e+01 3.000000000000000000e+00
3.734520398548374942e+01 2.000000000000000000e+00
3.734570398548373760e+01 3.000000000000000000e+00
3.734620398548371156e+01 5.000000000000000000e+00
3.734670398548369974e+01 5.000000000000000000e+00
3.734720398548367370e+01 3.000000000000000000e+00
3.734770398548366188e+01 5.000000000000000000e+00
3.734820398548363585e+01 4.000000000000000000e+00
3.734870398548362402e+01 5.000000000000000000e+00
3.734920398548359799e+01 4.000000000000000000e+00
3.734970398548358617e+01 7.000000000000000000e+00
3.735020398548356013e+01 5.000000000000000000e+00
3.735070398548354831e+01 7.000000000000000000e+00
3.735120398548352227e+01 9.000000000000000000e+00
3.735170398548351045e+01 1.200000000000000000e+01
3.735220398548348442e+01 9.000000000000000000e+00
3.735270398548347259e+01 4.000000000000000000e+00
3.735320398548344656e+01 6.000000000000000000e+00
3.735370398548343474e+01 6.000000000000000000e+00
3.735420398548340870e+01 1.000000000000000000e+01
3.735470398548339688e+01 7.000000000000000000e+00
3.735520398548337084e+01 1.300000000000000000e+01
3.735570398548335902e+01 7.000000000000000000e+00
3.735620398548333299e+01 8.000000000000000000e+00
3.735670398548332116e+01 1.700000000000000000e+01
3.735720398548329513e+01 1.300000000000000000e+01
3.735770398548328330e+01 9.000000000000000000e+00
3.735820398548325727e+01 4.000000000000000000e+00
3.735870398548324545e+01 7.000000000000000000e+00
3.735920398548321941e+01 7.000000000000000000e+00
3.735970398548320759e+01 6.000000000000000000e+00
3.736020398548318155e+01 1.000000000000000000e+01
3.736070398548316973e+01 1.300000000000000000e+01
3.736120398548314370e+01 1.300000000000000000e+01
3.736170398548313187e+01 9.000000000000000000e+00
3.736220398548310584e+01 1.600000000000000000e+01
3.736270398548309402e+01 7.000000000000000000e+00
3.736320398548306798e+01 1.100000000000000000e+01
3.736370398548305616e+01 7.000000000000000000e+00
3.736420398548303012e+01 1.000000000000000000e+01
3.736470398548301830e+01 8.000000000000000000e+00
3.736520398548299227e+01 1.900000000000000000e+01
3.736570398548298044e+01 1.800000000000000000e+01
3.736620398548295441e+01 1.300000000000000000e+01
3.736670398548294258e+01 2.100000000000000000e+01
3.736720398548291655e+01 1.400000000000000000e+01
3.736770398548290473e+01 1.200000000000000000e+01
3.736820398548287869e+01 1.200000000000000000e+01
3.736870398548286687e+01 1.900000000000000000e+01
3.736920398548284084e+01 2.400000000000000000e+01
3.736970398548282901e+01 1.000000000000000000e+01
3.737020398548280298e+01 2.100000000000000000e+01
3.737070398548279115e+01 1.300000000000000000e+01
3.737120398548276512e+01 1.600000000000000000e+01
3.737170398548275330e+01 1.000000000000000000e+01
3.737220398548272726e+01 1.800000000000000000e+01
3.737270398548271544e+01 2.200000000000000000e+01
3.737320398548268940e+01 1.900000000000000000e+01
3.737370398548267758e+01 1.400000000000000000e+01
3.737420398548265155e+01 1.900000000000000000e+01
3.737470398548263972e+01 1.400000000000000000e+01
3.737520398548261369e+01 1.500000000000000000e+01
3.737570398548260187e+01 1.700000000000000000e+01
3.737620398548257583e+01 1.600000000000000000e+01
3.737670398548256401e+01 1.800000000000000000e+01
3.737720398548253797e+01 2.300000000000000000e+01
3.737770398548252615e+01 1.800000000000000000e+01
3.737820398548250012e+01 1.600000000000000000e+01
3.737870398548248829e+01 2.600000000000000000e+01
3.737920398548246226e+01 1.400000000000000000e+01
3.737970398548245043e+01 2.400000000000000000e+01
3.738020398548242440e+01 3.100000000000000000e+01
3.738070398548241258e+01 2.800000000000000000e+01
3.738120398548238654e+01 2.600000000000000000e+01
3.738170398548237472e+01 2.800000000000000000e+01
3.738220398548234868e+01 2.900000000000000000e+01
3.738270398548233686e+01 2.600000000000000000e+01
3.738320398548231083e+01 4.000000000000000000e+01
3.738370398548229900e+01 2.700000000000000000e+01
3.738420398548227297e+01 2.500000000000000000e+01
3.738470398548226115e+01 3.100000000000000000e+01
3.738520398548223511e+01 2.600000000000000000e+01
3.738570398548222329e+01 2.200000000000000000e+01
3.738620398548219725e+01 3.100000000000000000e+01
3.738670398548218543e+01 2.000000000000000000e+01
3.738720398548215940e+01 2.800000000000000000e+01
3.738770398548214757e+01 2.300000000000000000e+01
3.738820398548212154e+01 4.700000000000000000e+01
3.738870398548210972e+01 4.600000000000000000e+01
3.738920398548208368e+01 4.400000000000000000e+01
3.738970398548207186e+01 3.900000000000000000e+01
3.739020398548204582e+01 2.900000000000000000e+01
3.739070398548203400e+01 3.100000000000000000e+01
3.739120398548200797e+01 3.000000000000000000e+01
3.739170398548199614e+01 2.900000000000000000e+01
3.739220398548197011e+01 2.800000000000000000e+01
3.739270398548195828e+01 2.900000000000000000e+01
3.739320398548193225e+01 2.600000000000000000e+01
3.739370398548192043e+01 1.900000000000000000e+01
3.739420398548189439e+01 2.500000000000000000e+01
3.739470398548188257e+01 2.300000000000000000e+01
3.739520398548185653e+01 1.800000000000000000e+01
3.739570398548184471e+01 3.300000000000000000e+01
3.739620398548181868e+01 3.100000000000000000e+01
3.739670398548180685e+01 3.100000000000000000e+01
3.739720398548178082e+01 2.000000000000000000e+01
3.739770398548176900e+01 2.500000000000000000e+01
3.739820398548174296e+01 2.400000000000000000e+01
3.739870398548173114e+01 1.300000000000000000e+01
3.739920398548170510e+01 2.700000000000000000e+01
3.739970398548169328e+01 2.900000000000000000e+01
3.740020398548166725e+01 2.100000000000000000e+01
3.740070398548165542e+01 1.900000000000000000e+01
3.740120398548162939e+01 2.600000000000000000e+01
3.740170398548161756e+01 2.100000000000000000e+01
3.740220398548159153e+01 2.400000000000000000e+01
3.740270398548157971e+01 1.600000000000000000e+01
3.740320398548155367e+01 1.800000000000000000e+01
3.740370398548154185e+01 2.000000000000000000e+01
3.740420398548151582e+01 1.600000000000000000e+01
3.740470398548150399e+01 1.700000000000000000e+01
3.740520398548147796e+01 1.600000000000000000e+01
3.740570398548146613e+01 1.600000000000000000e+01
3.740620398548144010e+01 1.700000000000000000e+01
3.740670398548142828e+01 1.500000000000000000e+01
3.740720398548140224e+01 1.300000000000000000e+01
3.740770398548139042e+01 1.500000000000000000e+01
3.740820398548136438e+01 2.000000000000000000e+01
3.740870398548135256e+01 1.300000000000000000e+01
3.740920398548132653e+01 1.200000000000000000e+01
3.740970398548131470e+01 2.000000000000000000e+01
3.741020398548128867e+01 2.700000000000000000e+01
3.741070398548127685e+01 3.700000000000000000e+01
3.741120398548125081e+01 4.200000000000000000e+01
3.741170398548123899e+01 3.100000000000000000e+01
3.741220398548121295e+01 4.200000000000000000e+01
3.741270398548120113e+01 4.400000000000000000e+01
3.741320398548117510e+01 3.900000000000000000e+01
3.741370398548116327e+01 4.100000000000000000e+01
3.741420398548113724e+01 3.800000000000000000e+01
3.741470398548112541e+01 4.700000000000000000e+01
3.741520398548109938e+01 3.800000000000000000e+01
3.741570398548108756e+01 3.800000000000000000e+01
3.741620398548106152e+01 2.800000000000000000e+01
3.741670398548104970e+01 3.000000000000000000e+01
3.741720398548102366e+01 3.000000000000000000e+01
3.741770398548101184e+01 3.000000000000000000e+01
3.741820398548098581e+01 3.500000000000000000e+01
3.741870398548097398e+01 2.700000000000000000e+01
3.741920398548094795e+01 3.200000000000000000e+01
3.741970398548093613e+01 1.800000000000000000e+01
3.742020398548091009e+01 2.900000000000000000e+01
3.742070398548089827e+01 3.100000000000000000e+01
3.742120398548087223e+01 2.800000000000000000e+01
3.742170398548086041e+01 2.700000000000000000e+01
3.742220398548083438e+01 2.600000000000000000e+01
3.742270398548082255e+01 2.200000000000000000e+01
3.742320398548079652e+01 2.100000000000000000e+01
3.742370398548078470e+01 3.500000000000000000e+01
3.742420398548075866e+01 2.000000000000000000e+01
3.742470398548074684e+01 3.500000000000000000e+01
3.742520398548072080e+01 3.400000000000000000e+01
3.742570398548070898e+01 2.100000000000000000e+01
3.742620398548068295e+01 2.000000000000000000e+01
3.742670398548067112e+01 1.400000000000000000e+01
3.742720398548064509e+01 1.900000000000000000e+01
3.742770398548063326e+01 1.800000000000000000e+01
3.742820398548060723e+01 1.900000000000000000e+01
3.742870398548059541e+01 1.500000000000000000e+01
3.742920398548056937e+01 1.700000000000000000e+01
3.742970398548055755e+01 2.000000000000000000e+01
3.743020398548053151e+01 1.000000000000000000e+01
3.743070398548051969e+01 1.300000000000000000e+01
3.743120398548049366e+01 1.600000000000000000e+01
3.743170398548048183e+01 1.700000000000000000e+01
3.743220398548045580e+01 1.200000000000000000e+01
3.743270398548044398e+01 1.400000000000000000e+01
3.743320398548041794e+01 1.300000000000000000e+01
3.743370398548040612e+01 8.000000000000000000e+00
3.743420398548038008e+01 1.500000000000000000e+01
3.743470398548036826e+01 2.000000000000000000e+01
3.743520398548034223e+01 1.200000000000000000e+01
3.743570398548033040e+01 6.000000000000000000e+00
3.743620398548030437e+01 1.200000000000000000e+01
3.743670398548029254e+01 1.000000000000000000e+01
3.743720398548026651e+01 1.300000000000000000e+01
3.743770398548025469e+01 9.000000000000000000e+00
3.743820398548022865e+01 1.100000000000000000e+01
3.743870398548021683e+01 7.000000000000000000e+00
3.743920398548019079e+01 1.700000000000000000e+01
3.743970398548017897e+01 1.200000000000000000e+01
3.744020398548015294e+01 9.000000000000000000e+00
3.744070398548014111e+01 1.100000000000000000e+01
3.744120398548011508e+01 1.400000000000000000e+01
3.744170398548010326e+01 1.000000000000000000e+01
3.744220398548007722e+01 1.400000000000000000e+01
3.744270398548006540e+01 1.200000000000000000e+01
3.744320398548003936e+01 1.200000000000000000e+01
3.744370398548002754e+01 1.100000000000000000e+01
3.744420398548000151e+01 1.800000000000000000e+01
3.744470398547998968e+01 9.000000000000000000e+00
3.744520398547996365e+01 1.000000000000000000e+01
3.744570398547995183e+01 9.000000000000000000e+00
3.744620398547992579e+01 1.300000000000000000e+01
3.744670398547991397e+01 9.000000000000000000e+00
3.744720398547988793e+01 1.500000000000000000e+01
3.744770398547987611e+01 1.800000000000000000e+01
3.744820398547985008e+01 1.400000000000000000e+01
3.744870398547983825e+01 1.100000000000000000e+01
3.744920398547981222e+01 1.900000000000000000e+01
3.744970398547980039e+01 1.200000000000000000e+01
3.745020398547977436e+01 1.600000000000000000e+01
3.745070398547976254e+01 1.200000000000000000e+01
3.745120398547973650e+01 1.300000000000000000e+01
3.745170398547972468e+01 1.200000000000000000e+01
3.745220398547969864e+01 1.600000000000000000e+01
3.745270398547968682e+01 7.000000000000000000e+00
3.745320398547966079e+01 1.600000000000000000e+01
3.745370398547964896e+01 5.000000000000000000e+00
3.745420398547962293e+01 3.000000000000000000e+00
3.745470398547961111e+01 1.200000000000000000e+01
3.745520398547958507e+01 1.000000000000000000e+01
3.745570398547957325e+01 1.200000000000000000e+01
3.745620398547954721e+01 8.000000000000000000e+00
3.745670398547953539e+01 5.000000000000000000e+00
3.745720398547950936e+01 8.000000000000000000e+00
3.745770398547949753e+01 7.000000000000000000e+00
3.745820398547947150e+01 8.000000000000000000e+00
3.745870398547945967e+01 7.000000000000000000e+00
3.745920398547943364e+01 3.000000000000000000e+00
3.745970398547942182e+01 5.000000000000000000e+00
3.746020398547939578e+01 6.000000000000000000e+00
3.746070398547938396e+01 9.000000000000000000e+00
3.746120398547935793e+01 7.000000000000000000e+00
3.746170398547934610e+01 9.000000000000000000e+00
3.746220398547932007e+01 7.000000000000000000e+00
3.746270398547930824e+01 9.000000000000000000e+00
3.746320398547928221e+01 1.200000000000000000e+01
3.746370398547927039e+01 7.000000000000000000e+00
3.746420398547924435e+01 6.000000000000000000e+00
3.746470398547923253e+01 1.000000000000000000e+01
3.746520398547920649e+01 9.000000000000000000e+00
3.746570398547919467e+01 9.000000000000000000e+00
3.746620398547916864e+01 1.000000000000000000e+00
3.746670398547915681e+01 3.000000000000000000e+00
3.746720398547913078e+01 4.000000000000000000e+00
3.746770398547911896e+01 7.000000000000000000e+00
3.746820398547909292e+01 8.000000000000000000e+00
3.746870398547908110e+01 4.000000000000000000e+00
3.746920398547905506e+01 5.000000000000000000e+00
3.746970398547904324e+01 1.000000000000000000e+01
3.747020398547901721e+01 5.000000000000000000e+00
3.747070398547900538e+01 7.000000000000000000e+00
3.747120398547897935e+01 1.100000000000000000e+01
3.747170398547896752e+01 8.000000000000000000e+00
3.747220398547894149e+01 7.000000000000000000e+00
3.747270398547892967e+01 4.000000000000000000e+00
3.747320398547890363e+01 1.000000000000000000e+01
3.747370398547889181e+01 6.000000000000000000e+00
3.747420398547886577e+01 7.000000000000000000e+00
3.747470398547885395e+01 8.000000000000000000e+00
3.747520398547882792e+01 7.000000000000000000e+00
3.747570398547881609e+01 3.000000000000000000e+00
3.747620398547879006e+01 8.000000000000000000e+00
3.747670398547877824e+01 2.000000000000000000e+00
3.747720398547875220e+01 7.000000000000000000e+00
3.747770398547874038e+01 8.000000000000000000e+00
3.747820398547871434e+01 6.000000000000000000e+00
3.747870398547870252e+01 4.000000000000000000e+00
3.747920398547867649e+01 6.000000000000000000e+00
3.747970398547866466e+01 6.000000000000000000e+00
3.748020398547863863e+01 3.000000000000000000e+00
3.748070398547862681e+01 6.000000000000000000e+00
3.748120398547860077e+01 7.000000000000000000e+00
3.748170398547858895e+01 7.000000000000000000e+00
3.748220398547856291e+01 7.000000000000000000e+00
3.748270398547855109e+01 7.000000000000000000e+00
3.748320398547852506e+01 4.000000000000000000e+00
3.748370398547851323e+01 3.000000000000000000e+00
3.748420398547848720e+01 2.000000000000000000e+00
3.748470398547847537e+01 5.000000000000000000e+00
3.748520398547844934e+01 2.000000000000000000e+00
3.748570398547843752e+01 4.000000000000000000e+00
3.748620398547841148e+01 8.000000000000000000e+00
3.748670398547839966e+01 5.000000000000000000e+00
3.748720398547837362e+01 7.000000000000000000e+00
3.748770398547836180e+01 4.000000000000000000e+00
3.748820398547833577e+01 4.000000000000000000e+00
3.748870398547832394e+01 1.000000000000000000e+00
3.748920398547829791e+01 8.000000000000000000e+00
3.748970398547828609e+01 7.000000000000000000e+00
3.749020398547826005e+01 2.000000000000000000e+00
3.749070398547824823e+01 4.000000000000000000e+00
3.749120398547822219e+01 4.000000000000000000e+00
3.749170398547821037e+01 2.000000000000000000e+00
3.749220398547818434e+01 2.000000000000000000e+00
3.749270398547817251e+01 6.000000000000000000e+00
3.749320398547814648e+01 2.000000000000000000e+00
3.749370398547813465e+01 1.000000000000000000e+01
3.749420398547810862e+01 4.000000000000000000e+00
3.749470398547809680e+01 4.000000000000000000e+00
3.749520398547807076e+01 3.000000000000000000e+00
3.749570398547805894e+01 7.000000000000000000e+00
3.749620398547803291e+01 1.000000000000000000e+00
3.749670398547802108e+01 3.000000000000000000e+00
3.749720398547799505e+01 6.000000000000000000e+00
3.749770398547798322e+01 6.000000000000000000e+00
3.749820398547795719e+01 7.000000000000000000e+00
3.749870398547794537e+01 3.000000000000000000e+00
3.749920398547791933e+01 7.000000000000000000e+00
3.749970398547790751e+01 8.000000000000000000e+00
3.750020398547788147e+01 7.000000000000000000e+00
3.750070398547786965e+01 2.000000000000000000e+00
3.750120398547784362e+01 6.000000000000000000e+00
3.750170398547783179e+01 6.000000000000000000e+00
3.750220398547780576e+01 9.000000000000000000e+00
3.750270398547779394e+01 5.000000000000000000e+00
3.750320398547776790e+01 1.000000000000000000e+00
3.750370398547775608e+01 9.000000000000000000e+00
3.750420398547773004e+01 2.000000000000000000e+00
3.750470398547771822e+01 8.000000000000000000e+00
3.750520398547769219e+01 8.000000000000000000e+00
3.750570398547768036e+01 1.000000000000000000e+01
3.750620398547765433e+01 8.000000000000000000e+00
3.750670398547764250e+01 7.000000000000000000e+00
3.750720398547761647e+01 6.000000000000000000e+00
3.750770398547760465e+01 3.000000000000000000e+00
3.750820398547757861e+01 8.000000000000000000e+00
3.750870398547756679e+01 1.100000000000000000e+01
3.750920398547754075e+01 5.000000000000000000e+00
3.750970398547752893e+01 8.000000000000000000e+00
3.751020398547750290e+01 5.000000000000000000e+00
3.751070398547749107e+01 8.000000000000000000e+00
3.751120398547746504e+01 8.000000000000000000e+00
3.751170398547745322e+01 3.000000000000000000e+00
3.751220398547742718e+01 4.000000000000000000e+00
3.751270398547741536e+01 5.000000000000000000e+00
3.751320398547738932e+01 1.300000000000000000e+01
3.751370398547737750e+01 6.000000000000000000e+00
3.751420398547735147e+01 7.000000000000000000e+00
3.751470398547733964e+01 7.000000000000000000e+00
3.751520398547731361e+01 1.000000000000000000e+01
3.751570398547730179e+01 1.400000000000000000e+01
3.751620398547727575e+01 8.000000000000000000e+00
3.751670398547726393e+01 5.000000000000000000e+00
3.751720398547723789e+01 8.000000000000000000e+00
3.751770398547722607e+01 8.000000000000000000e+00
3.751820398547720004e+01 8.000000000000000000e+00
3.751870398547718821e+01 8.000000000000000000e+00
3.751920398547716218e+01 1.000000000000000000e+01
3.751970398547715035e+01 6.000000000000000000e+00
3.752020398547712432e+01 6.000000000000000000e+00
3.752070398547711250e+01 1.000000000000000000e+01
3.752120398547708646e+01 1.000000000000000000e+01
3.752170398547707464e+01 2.000000000000000000e+00
3.752220398547704860e+01 1.400000000000000000e+01
3.752270398547703678e+01 4.000000000000000000e+00
3.752320398547701075e+01 1.200000000000000000e+01
3.752370398547699892e+01 8.000000000000000000e+00
3.752420398547697289e+01 4.000000000000000000e+00
3.752470398547696107e+01 1.000000000000000000e+01
3.752520398547693503e+01 7.000000000000000000e+00
3.752570398547692321e+01 5.000000000000000000e+00
3.752620398547689717e+01 7.000000000000000000e+00
3.752670398547688535e+01 6.000000000000000000e+00
3.752720398547685932e+01 2.000000000000000000e+00
3.752770398547684749e+01 4.000000000000000000e+00
3.752820398547682146e+01 1.000000000000000000e+01
3.752870398547680963e+01 1.000000000000000000e+00
3.752920398547678360e+01 4.000000000000000000e+00
3.752970398547677178e+01 4.000000000000000000e+00
3.753020398547674574e+01 5.000000000000000000e+00
3.753070398547673392e+01 5.000000000000000000e+00
3.753120398547670789e+01 5.000000000000000000e+00
3.753170398547669606e+01 7.000000000000000000e+00
3.753220398547667003e+01 1.000000000000000000e+01
3.753270398547665820e+01 6.000000000000000000e+00
3.753320398547663217e+01 5.000000000000000000e+00
3.753370398547662035e+01 1.200000000000000000e+01
3.753420398547659431e+01 4.000000000000000000e+00
3.753470398547658249e+01 8.000000000000000000e+00
3.753520398547655645e+01 4.000000000000000000e+00
3.753570398547654463e+01 9.000000000000000000e+00
3.753620398547651860e+01 6.000000000000000000e+00
3.753670398547650677e+01 1.000000000000000000e+01
3.753720398547648074e+01 8.000000000000000000e+00
3.753770398547646892e+01 4.000000000000000000e+00
3.753820398547644288e+01 1.100000000000000000e+01
3.753870398547643106e+01 9.000000000000000000e+00
3.753920398547640502e+01 6.000000000000000000e+00
3.753970398547639320e+01 5.000000000000000000e+00
3.754020398547636717e+01 5.000000000000000000e+00
3.754070398547635534e+01 5.000000000000000000e+00
3.754120398547632931e+01 5.000000000000000000e+00
3.754170398547631748e+01 7.000000000000000000e+00
3.754220398547629145e+01 1.000000000000000000e+01
3.754270398547627963e+01 3.000000000000000000e+00
3.754320398547625359e+01 5.000000000000000000e+00
3.754370398547624177e+01 7.000000000000000000e+00
3.754420398547621573e+01 8.000000000000000000e+00
3.754470398547620391e+01 9.000000000000000000e+00
3.754520398547617788e+01 5.000000000000000000e+00
3.754570398547616605e+01 5.000000000000000000e+00
3.754620398547614002e+01 4.000000000000000000e+00
3.754670398547612820e+01 7.000000000000000000e+00
3.754720398547610216e+01 4.000000000000000000e+00
3.754770398547609034e+01 3.000000000000000000e+00
3.754820398547606430e+01 4.000000000000000000e+00
3.754870398547605248e+01 6.000000000000000000e+00
3.754920398547602645e+01 3.000000000000000000e+00
3.754970398547601462e+01 8.000000000000000000e+00
3.755020398547598859e+01 7.000000000000000000e+00
3.755070398547597676e+01 4.000000000000000000e+00
3.755120398547595073e+01 6.000000000000000000e+00
3.755170398547593891e+01 5.000000000000000000e+00
3.755220398547591287e+01 4.000000000000000000e+00
3.755270398547590105e+01 8.000000000000000000e+00
3.755320398547587502e+01 1.000000000000000000e+01
3.755370398547586319e+01 4.000000000000000000e+00
3.755420398547583716e+01 3.000000000000000000e+00
3.755470398547582533e+01 5.000000000000000000e+00
3.755520398547579930e+01 5.000000000000000000e+00
3.755570398547578748e+01 1.000000000000000000e+01
3.755620398547576144e+01 5.000000000000000000e+00
3.755670398547574962e+01 5.000000000000000000e+00
3.755720398547572358e+01 1.000000000000000000e+01
3.755770398547571176e+01 5.000000000000000000e+00
3.755820398547568573e+01 6.000000000000000000e+00
3.755870398547567390e+01 4.000000000000000000e+00
3.755920398547564787e+01 3.000000000000000000e+00
3.755970398547563605e+01 5.000000000000000000e+00
3.756020398547561001e+01 7.000000000000000000e+00
3.756070398547559819e+01 3.000000000000000000e+00
3.756120398547557215e+01 5.000000000000000000e+00
3.756170398547556033e+01 1.000000000000000000e+01
3.756220398547553430e+01 6.000000000000000000e+00
3.756270398547552247e+01 4.000000000000000000e+00
3.756320398547549644e+01 6.000000000000000000e+00
3.756370398547548461e+01 5.000000000000000000e+00
3.756420398547545858e+01 4.000000000000000000e+00
3.756470398547544676e+01 2.000000000000000000e+00
3.756520398547542072e+01 5.000000000000000000e+00
